userid,total,ratio,label
114833367040.0,1.0,0.0,0.0
111145680897.0,2.0,0.0,0.0
112502169604.0,1.0,0.0,0.0
112506183684.0,1.0,0.0,0.0
112509665285.0,1.0,0.0,0.0
111159713799.0,1.0,0.0,0.0
111841746952.0,7.0,0.7142857142857143,0.0
112528080906.0,3.0,0.0,0.0
112506683405.0,4.0,0.0,0.0
114193080334.0,1.0,0.0,0.0
111120146458.0,3.0,0.6666666666666666,0.0
111845048351.0,2.0,0.0,0.0
112538165280.0,3.0,0.3333333333333333,0.0
112606765088.0,1.0,1.0,0.0
114747080737.0,2.0,0.0,0.0
111457116195.0,1.0,0.0,0.0
112520765486.0,2.0,0.0,0.0
111158616116.0,1.0,0.0,0.0
110147412024.0,2.0,1.0,0.0
112662069305.0,2.0,0.0,0.0
114716180537.0,1.0,0.0,0.0
110100512827.0,1.0,0.0,0.0
111846719552.0,2.0,0.0,0.0
111155380291.0,1.0,0.0,0.0
112622469187.0,3.0,0.0,0.0
112523665484.0,2.0,1.0,0.0
114803753041.0,1.0,0.0,0.0
111155019858.0,1.0,0.0,0.0
114744680534.0,1.0,0.0,0.0
110945910878.0,1.0,0.0,0.0
114820350047.0,2.0,0.5,0.0
110178033760.0,2.0,0.0,0.0
114740494438.0,1.0,0.0,0.0
100000006247.0,1.0,0.0,0.0
112607969384.0,1.0,0.0,0.0
111154946153.0,1.0,0.0,0.0
114807767142.0,4.0,0.0,0.0
110143373422.0,2.0,0.0,0.0
111844819055.0,1.0,0.0,0.0
114713780335.0,1.0,0.0,0.0
110100635761.0,2.0,0.0,0.0
111150448754.0,3.0,0.6666666666666666,0.0
111840215159.0,3.0,0.0,0.0
110917574777.0,2.0,1.0,0.0
111128846457.0,3.0,0.0,0.0
112628269180.0,1.0,0.0,0.0
110948810877.0,1.0,0.0,0.0
110160035969.0,3.0,0.3333333333333333,0.0
112500269186.0,4.0,0.0,0.0
114806767746.0,1.0,0.0,0.0
112569065609.0,1.0,0.0,0.0
110942371979.0,2.0,0.0,0.0
111120416911.0,1.0,0.0,0.0
114144682131.0,2.0,0.0,0.0
114605367443.0,2.0,0.0,0.0
114144682134.0,1.0,0.0,0.0
111145713818.0,4.0,0.0,0.0
110721335460.0,1.0,0.0,0.0
111126446251.0,3.0,0.0,0.0
110942617773.0,4.0,0.0,0.0
111148916911.0,1.0,0.0,0.0
114800369842.0,1.0,0.0,0.0
112520880307.0,1.0,0.0,0.0
112660865205.0,3.0,0.0,0.0
111195816118.0,1.0,0.0,0.0
100000006327.0,1.0,0.0,0.0
114745491637.0,1.0,0.0,0.0
111151046854.0,2.0,0.0,0.0
114820767942.0,2.0,0.0,0.0
110945517777.0,1.0,0.0,0.0
110104518869.0,1.0,0.0,0.0
112523583709.0,1.0,1.0,0.0
110915117278.0,6.0,0.0,0.0
114824167649.0,3.0,0.0,0.0
111145713891.0,1.0,0.0,0.0
114822750444.0,1.0,0.0,0.0
112526065901.0,2.0,0.0,0.0
110146273520.0,2.0,1.0,0.0
114149482738.0,1.0,1.0,0.0
112529965306.0,3.0,0.0,0.0
112507265282.0,2.0,0.0,0.0
111451513092.0,3.0,0.3333333333333333,0.0
112529080581.0,6.0,0.0,0.0
112537469188.0,1.0,0.0,0.0
110101610760.0,2.0,0.0,0.0
110128333064.0,3.0,0.0,0.0
110147215626.0,2.0,0.0,0.0
112533365008.0,1.0,0.0,0.0
110937817373.0,1.0,0.0,0.0
114821267745.0,1.0,0.0,0.0
114803253540.0,1.0,0.0,0.0
111151513893.0,1.0,0.0,0.0
110107312424.0,1.0,0.0,0.0
112524583209.0,2.0,0.5,0.0
111154585898.0,1.0,0.0,0.0
112506069305.0,1.0,0.0,0.0
110917271871.0,1.0,0.0,0.0
110147273026.0,3.0,0.6666666666666666,0.0
110106116423.0,3.0,0.6666666666666666,0.0
112529965385.0,1.0,0.0,0.0
111158346059.0,3.0,0.0,0.0
110769635662.0,3.0,0.0,0.0
111153480019.0,1.0,0.0,0.0
111448916310.0,3.0,0.0,0.0
110976172375.0,2.0,0.0,0.0
110103273822.0,2.0,0.0,0.0
110346273121.0,2.0,0.0,0.0
111149613410.0,1.0,0.0,0.0
111822848358.0,1.0,0.0,0.0
111805546857.0,1.0,1.0,0.0
110919672170.0,5.0,0.0,0.0
111143846256.0,2.0,0.0,0.0
111152513392.0,3.0,0.0,0.0
114821767549.0,1.0,0.0,0.0
111450513790.0,3.0,0.0,0.0
114715091330.0,1.0,0.0,0.0
112536969603.0,1.0,0.0,0.0
114829353347.0,1.0,0.0,0.0
112506069386.0,1.0,0.0,0.0
114803253643.0,2.0,0.0,0.0
112501965200.0,1.0,0.0,0.0
112523665808.0,1.0,0.0,0.0
110919917972.0,2.0,0.0,0.0
112560865684.0,1.0,0.0,0.0
111145484694.0,1.0,0.0,0.0
114146582935.0,2.0,0.0,0.0
114807767448.0,2.0,0.0,0.0
112501383580.0,1.0,0.0,0.0
114824667548.0,1.0,0.0,0.0
114807267745.0,1.0,0.0,0.0
110107910567.0,1.0,0.0,0.0
112522265002.0,2.0,0.0,0.0
111448613291.0,3.0,0.6666666666666666,0.0
112527483309.0,2.0,0.0,0.0
111193113015.0,2.0,0.0,0.0
110146273721.0,4.0,0.25,0.0
111443485115.0,2.0,0.5,0.0
112529965500.0,6.0,0.3333333333333333,0.0
111124513213.0,1.0,0.0,0.0
111857148351.0,3.0,0.0,0.0
110308073922.0,1.0,1.0,0.0
110107533763.0,1.0,0.0,0.0
112504365506.0,2.0,0.0,0.0
112661365187.0,1.0,0.0,0.0
114746491335.0,1.0,0.0,0.0
111149613517.0,1.0,0.0,0.0
114741993937.0,1.0,0.0,0.0
111195513299.0,1.0,1.0,0.0
111152185812.0,1.0,0.0,0.0
114140193239.0,2.0,0.0,0.0
114728280537.0,1.0,0.0,0.0
114745180636.0,1.0,0.0,0.0
114625667549.0,1.0,0.0,0.0
110127333865.0,1.0,0.0,0.0
110103216621.0,1.0,0.0,0.0
112667869682.0,1.0,0.0,0.0
111147713011.0,2.0,0.0,0.0
111150785013.0,1.0,0.0,0.0
111150785014.0,1.0,1.0,0.0
110847517176.0,2.0,0.0,0.0
112527565306.0,1.0,0.0,0.0
110917771775.0,1.0,0.0,0.0
111154446850.0,1.0,0.0,0.0
112663069188.0,1.0,0.0,0.0
114743280132.0,2.0,0.0,0.0
110107910663.0,1.0,0.0,0.0
114743591439.0,1.0,0.0,0.0
114747793935.0,1.0,0.0,0.0
111853748755.0,1.0,0.0,0.0
112527082004.0,1.0,0.0,0.0
114793882133.0,3.0,0.0,0.0
112603169306.0,1.0,0.0,0.0
111150113317.0,2.0,0.5,0.0
111152980519.0,1.0,0.0,0.0
114822152744.0,1.0,0.0,0.0
110147412521.0,2.0,0.0,0.0
114827067944.0,3.0,0.0,0.0
110913110574.0,11.0,0.45454545454545453,0.0
112525165103.0,1.0,0.0,0.0
112521683504.0,1.0,1.0,0.0
111809446450.0,1.0,0.0,0.0
110945272374.0,3.0,0.0,0.0
112521380409.0,1.0,0.0,0.0
110919672379.0,3.0,0.0,0.0
111195013697.0,3.0,0.0,0.0
112525083208.0,17.0,0.47058823529411764,0.0
112527983183.0,2.0,0.0,0.0
111804146259.0,2.0,0.0,0.0
110126735960.0,2.0,0.0,0.0
111428313691.0,1.0,0.0,0.0
112506282587.0,1.0,0.0,0.0
114740093531.0,3.0,0.0,0.0
111445213790.0,1.0,0.0,0.0
111158485599.0,3.0,0.0,0.0
111154848352.0,1.0,0.0,0.0
110147773027.0,1.0,0.0,0.0
110100218469.0,1.0,0.0,0.0
110140916325.0,1.0,0.0,0.0
111141913191.0,1.0,0.0,0.0
111154848359.0,2.0,0.5,0.0
110947271275.0,1.0,0.0,0.0
114623767148.0,3.0,0.0,0.0
110108418669.0,1.0,0.0,0.0
110917272173.0,3.0,0.0,0.0
114602369649.0,4.0,0.0,0.0
100000014963.0,1.0,0.0,0.0
111150113399.0,3.0,0.0,0.0
110944010878.0,1.0,0.0,0.0
114639250046.0,3.0,0.3333333333333333,0.0
111847514752.0,1.0,0.0,0.0
110385373827.0,1.0,0.0,0.0
111140446855.0,1.0,0.0,0.0
114742493833.0,1.0,0.0,0.0
111444116117.0,4.0,0.0,0.0
111495316118.0,2.0,0.0,0.0
111800746652.0,1.0,0.0,0.0
114740880033.0,1.0,0.0,0.0
114820752042.0,1.0,0.0,0.0
110387471021.0,3.0,0.0,0.0
110109418160.0,1.0,0.0,0.0
110109418163.0,3.0,0.0,0.0
114121482934.0,1.0,1.0,0.0
110847517371.0,1.0,1.0,0.0
114828853948.0,5.0,0.0,0.0
110147773122.0,1.0,0.0,0.0
111440913090.0,1.0,0.0,0.0
112637469388.0,1.0,0.0,0.0
111146148557.0,2.0,0.0,0.0
111193416398.0,2.0,0.0,0.0
112569565904.0,1.0,0.0,0.0
110838932178.0,1.0,0.0,0.0
110932017877.0,1.0,0.0,0.0
114827453143.0,1.0,1.0,0.0
110121435865.0,1.0,0.0,0.0
100000015077.0,1.0,1.0,0.0
112504865509.0,1.0,1.0,0.0
111857246951.0,1.0,0.0,0.0
110946271976.0,1.0,0.0,0.0
111190885099.0,1.0,1.0,0.0
112524780282.0,1.0,0.0,0.0
110324671228.0,4.0,0.0,0.0
112536765182.0,2.0,0.0,0.0
110100316927.0,1.0,0.0,0.0
111846114055.0,2.0,0.0,0.0
110101873420.0,2.0,0.0,0.0
111122916111.0,1.0,0.0,0.0
114833867540.0,1.0,0.0,0.0
114629067544.0,9.0,0.3333333333333333,0.0
111190713113.0,3.0,0.0,0.0
110348673820.0,1.0,0.0,0.0
110306173725.0,2.0,0.0,0.0
110847017770.0,4.0,0.0,0.0
100000023341.0,3.0,0.0,0.0
111159616310.0,1.0,0.0,0.0
112527582007.0,1.0,0.0,0.0
112500065081.0,1.0,0.0,0.0
112629269306.0,6.0,0.0,0.0
112538469182.0,1.0,0.0,0.0
114806367040.0,3.0,0.0,0.0
110107214667.0,1.0,0.0,0.0
114801353549.0,1.0,0.0,0.0
110836917070.0,1.0,0.0,0.0
112525665105.0,1.0,0.0,0.0
114191680338.0,4.0,0.0,0.0
112529580883.0,1.0,0.0,0.0
112529883987.0,1.0,0.0,0.0
110303773527.0,1.0,0.0,0.0
111156085592.0,1.0,0.0,0.0
110913110879.0,1.0,0.0,0.0
111196513119.0,1.0,0.0,0.0
110945272673.0,1.0,0.0,0.0
112503669601.0,2.0,0.0,0.0
112528565088.0,1.0,1.0,0.0
112528065385.0,1.0,0.0,0.0
111155585898.0,1.0,0.0,0.0
111147746155.0,6.0,0.3333333333333333,0.0
114638267248.0,2.0,0.0,0.0
112524583801.0,1.0,1.0,0.0
111145780093.0,1.0,0.0,0.0
111145780094.0,1.0,0.0,0.0
114715091838.0,1.0,0.0,0.0
111104148354.0,2.0,0.0,0.0
110173733764.0,2.0,0.0,0.0
112603669389.0,1.0,0.0,0.0
110102012825.0,1.0,0.0,0.0
111150613419.0,2.0,0.0,0.0
110180271021.0,1.0,0.0,0.0
110947910574.0,2.0,0.0,0.0
111141913517.0,3.0,0.0,0.0
114746893235.0,1.0,0.0,0.0
110948017076.0,1.0,0.0,0.0
112538469300.0,1.0,0.0,0.0
110704935863.0,1.0,0.0,0.0
114729182135.0,1.0,0.0,0.0
111452513211.0,3.0,0.0,0.0
110107173822.0,1.0,0.0,0.0
112537969600.0,4.0,0.0,0.0
111803417556.0,7.0,0.0,0.0
110101210069.0,1.0,0.0,0.0
114803753942.0,2.0,0.0,0.0
111195816919.0,1.0,0.0,0.0
111147246556.0,1.0,1.0,0.0
114744280031.0,2.0,0.0,0.0
110148273121.0,3.0,0.0,0.0
111159813095.0,1.0,0.0,0.0
111159813097.0,1.0,1.0,0.0
110301373423.0,2.0,1.0,0.0
112535069683.0,4.0,0.0,0.0
110106616820.0,2.0,0.0,0.0
110910817271.0,1.0,0.0,0.0
110970717177.0,1.0,0.0,0.0
110121673724.0,1.0,0.0,0.0
110104773629.0,1.0,0.0,0.0
112506487804.0,1.0,0.0,0.0
112521765886.0,1.0,0.0,0.0
112505365505.0,4.0,0.0,0.0
112569369603.0,1.0,1.0,0.0
114806367242.0,1.0,0.0,0.0
114622669844.0,1.0,0.0,0.0
112665969688.0,3.0,0.0,0.0
111101846555.0,1.0,0.0,0.0
111842919452.0,1.0,1.0,0.0
111426216990.0,2.0,0.0,0.0
110700635167.0,6.0,0.3333333333333333,0.0
114711880735.0,5.0,0.0,0.0
112507569185.0,1.0,0.0,0.0
114660467747.0,1.0,0.0,0.0
112636265508.0,4.0,0.75,0.0
114724480038.0,1.0,0.0,0.0
111190885417.0,3.0,0.0,0.0
112529065004.0,1.0,0.0,0.0
112507765806.0,1.0,0.0,0.0
111153513519.0,1.0,0.0,0.0
111842419759.0,1.0,0.0,0.0
111147746355.0,1.0,1.0,0.0
114715280435.0,1.0,0.0,0.0
114715280439.0,6.0,0.6666666666666666,0.0
114638169144.0,1.0,0.0,0.0
114745082937.0,1.0,0.0,0.0
114825053240.0,1.0,0.0,0.0
111424816191.0,1.0,0.0,0.0
110779933761.0,5.0,0.0,0.0
112522765381.0,2.0,0.5,0.0
110165435462.0,2.0,0.0,0.0
112664069189.0,1.0,0.0,0.0
111446213716.0,1.0,0.0,0.0
110910710876.0,2.0,0.0,0.0
111848719456.0,3.0,0.0,0.0
111145813097.0,1.0,0.0,0.0
112522880105.0,5.0,0.0,0.0
111107048556.0,1.0,0.0,0.0
111806448754.0,2.0,0.0,0.0
110103471221.0,1.0,0.0,0.0
110147912821.0,1.0,0.0,0.0
111806448758.0,1.0,0.0,0.0
110709335162.0,2.0,0.0,0.0
110103471227.0,1.0,0.0,0.0
112567469180.0,1.0,1.0,0.0
114822767741.0,3.0,0.0,0.0
110105216127.0,1.0,0.0,0.0
110109516928.0,3.0,0.0,0.0
114711880833.0,4.0,0.5,0.0
110147216524.0,2.0,0.0,0.0
114621269142.0,2.0,0.0,0.0
111447516312.0,2.0,0.0,0.0
112527565980.0,1.0,1.0,0.0
111156913310.0,2.0,0.0,0.0
111190713511.0,4.0,0.0,0.0
114121180330.0,1.0,0.0,0.0
114740593834.0,2.0,0.0,0.0
112520283309.0,1.0,0.0,0.0
114197980335.0,5.0,0.0,0.0
112506283188.0,2.0,0.0,0.0
110122435768.0,2.0,0.0,0.0
110147773625.0,1.0,0.0,0.0
112523683005.0,2.0,0.0,0.0
114717680832.0,4.0,0.0,0.0
114827453645.0,3.0,0.6666666666666666,0.0
112522880207.0,1.0,1.0,0.0
114747393235.0,2.0,0.0,0.0
114831869140.0,2.0,0.0,0.0
112500565206.0,1.0,0.0,0.0
112628565207.0,1.0,1.0,0.0
110701135064.0,1.0,0.0,0.0
112529065186.0,1.0,0.0,0.0
111153013990.0,5.0,1.0,0.0
111157716198.0,1.0,0.0,0.0
112533865702.0,1.0,0.0,0.0
111145313514.0,1.0,0.0,0.0
111196316911.0,6.0,0.16666666666666666,0.0
110307673328.0,1.0,0.0,0.0
112532669680.0,2.0,0.0,0.0
111121319157.0,2.0,0.0,0.0
112503465209.0,2.0,0.0,0.0
112567469306.0,3.0,0.0,0.0
110940472573.0,1.0,0.0,0.0
114603967743.0,2.0,0.0,0.0
114719180032.0,2.0,0.0,0.0
114825667843.0,1.0,0.0,0.0
111429313799.0,2.0,0.0,0.0
110344971529.0,3.0,0.3333333333333333,0.0
112506283286.0,5.0,0.6,0.0
111148016919.0,2.0,0.0,0.0
111156413719.0,1.0,1.0,0.0
114820056342.0,1.0,0.0,0.0
110104618266.0,3.0,0.0,0.0
110723835162.0,2.0,0.0,0.0
110975517979.0,1.0,0.0,0.0
111841846555.0,16.0,0.0,0.0
114747991337.0,1.0,0.0,0.0
100000015659.0,7.0,0.14285714285714285,0.0
110931617075.0,2.0,1.0,0.0
110101816628.0,1.0,0.0,0.0
110105716020.0,1.0,0.0,0.0
110935917877.0,13.0,0.7692307692307693,0.0
111154816311.0,2.0,0.0,0.0
110948517173.0,1.0,0.0,0.0
110948517176.0,1.0,1.0,0.0
112522069306.0,2.0,0.0,0.0
111443813691.0,3.0,0.0,0.0
112564069688.0,28.0,0.35714285714285715,0.0
114742682934.0,1.0,0.0,0.0
110128833860.0,1.0,0.0,0.0
110709335364.0,2.0,0.0,0.0
112525665606.0,2.0,0.0,0.0
112502965587.0,1.0,0.0,0.0
112524969305.0,2.0,0.0,0.0
100000007525.0,1.0,0.0,0.0
112528983402.0,2.0,0.0,0.0
111126316398.0,1.0,0.0,0.0
114714682736.0,5.0,0.0,0.0
114744280438.0,1.0,1.0,0.0
112526665083.0,1.0,0.0,0.0
111146616197.0,1.0,0.0,0.0
112624469385.0,17.0,0.9411764705882353,0.0
112624469386.0,1.0,0.0,0.0
112667665801.0,1.0,1.0,0.0
114623767947.0,2.0,0.5,0.0
110142973325.0,1.0,0.0,0.0
112509765005.0,3.0,0.0,0.0
114747082133.0,1.0,1.0,0.0
110871717270.0,5.0,0.0,0.0
110129571224.0,1.0,0.0,0.0
110871717279.0,7.0,0.0,0.0
110931010979.0,2.0,0.0,0.0
110120633764.0,1.0,0.0,0.0
112500065700.0,1.0,0.0,0.0
110777533864.0,4.0,1.0,0.0
110777533865.0,3.0,0.0,0.0
110946174376.0,4.0,0.0,0.0
110943217070.0,1.0,0.0,0.0
114660369842.0,5.0,0.0,0.0
112506865085.0,1.0,0.0,0.0
112528065984.0,1.0,0.0,0.0
111148213697.0,1.0,0.0,0.0
114727880135.0,1.0,0.0,0.0
114667767246.0,8.0,0.5,0.0
111159985619.0,3.0,0.0,0.0
112506783189.0,3.0,0.0,0.0
114828150240.0,1.0,0.0,0.0
114125080033.0,1.0,0.0,0.0
114146280934.0,1.0,0.0,0.0
114713880039.0,1.0,1.0,0.0
111142913516.0,5.0,0.0,0.0
111850046957.0,2.0,0.0,0.0
111145182715.0,3.0,0.0,0.0
110120011260.0,1.0,0.0,0.0
111806146055.0,2.0,0.0,0.0
110129333768.0,1.0,0.0,0.0
111857346055.0,1.0,0.0,0.0
110946379278.0,2.0,0.0,0.0
114715780630.0,3.0,0.3333333333333333,0.0
111846819352.0,1.0,0.0,0.0
112529065502.0,1.0,0.0,0.0
110917117472.0,1.0,0.0,0.0
110307173921.0,1.0,0.0,0.0
110187873826.0,1.0,0.0,0.0
114715280930.0,1.0,0.0,0.0
112528369189.0,1.0,0.0,0.0
110840317479.0,1.0,0.0,0.0
110940472874.0,1.0,0.0,0.0
114821367340.0,1.0,1.0,0.0
110101218861.0,1.0,1.0,0.0
110944372270.0,1.0,0.0,0.0
112537265709.0,6.0,0.0,0.0
111155848752.0,2.0,0.0,0.0
110106035761.0,1.0,0.0,0.0
111191213617.0,1.0,0.0,0.0
111841519152.0,1.0,0.0,0.0
112524682803.0,1.0,0.0,0.0
112523765302.0,1.0,0.0,0.0
111145985592.0,1.0,0.0,0.0
111154685497.0,1.0,0.0,0.0
110937417275.0,2.0,0.0,0.0
111859148357.0,1.0,0.0,0.0
112522880585.0,1.0,0.0,0.0
112523683407.0,2.0,0.0,0.0
110942971476.0,3.0,1.0,0.0
112564569686.0,2.0,0.0,0.0
112522880601.0,1.0,0.0,0.0
110769014363.0,1.0,0.0,0.0
111154185819.0,1.0,0.0,0.0
110940317277.0,1.0,0.0,0.0
114661467742.0,1.0,0.0,0.0
110948410976.0,1.0,0.0,0.0
112525780581.0,1.0,0.0,0.0
111152285293.0,1.0,0.0,0.0
111150016110.0,3.0,0.0,0.0
110380271225.0,4.0,0.25,0.0
111141013114.0,2.0,0.0,0.0
110120035968.0,1.0,0.0,0.0
110147217024.0,1.0,0.0,0.0
110166935169.0,1.0,1.0,0.0
111191713410.0,1.0,0.0,0.0
111199716997.0,10.0,0.0,0.0
112523765382.0,2.0,0.0,0.0
110149371528.0,1.0,0.0,0.0
114147780232.0,9.0,0.0,0.0
114825250443.0,1.0,0.0,0.0
110940571277.0,1.0,0.0,0.0
110148773521.0,1.0,0.0,0.0
114825250449.0,1.0,0.0,0.0
114744682131.0,1.0,0.0,0.0
110108116628.0,1.0,0.0,0.0
114744993433.0,1.0,1.0,0.0
114719082138.0,1.0,0.0,0.0
110911817372.0,1.0,0.0,0.0
111825446559.0,1.0,0.0,0.0
111151416993.0,1.0,0.0,0.0
114666653347.0,3.0,0.0,0.0
111152113317.0,5.0,1.0,0.0
112502269609.0,2.0,0.0,0.0
112522782385.0,2.0,0.5,0.0
110104135360.0,2.0,0.0,0.0
110103971521.0,1.0,0.0,0.0
111802246852.0,3.0,0.0,0.0
110107412168.0,3.0,0.0,0.0
111827748554.0,2.0,0.5,0.0
110918117072.0,1.0,0.0,0.0
110342473425.0,2.0,0.0,0.0
114742691538.0,1.0,0.0,0.0
111427413717.0,1.0,1.0,0.0
110388971223.0,4.0,0.5,0.0
114191582935.0,2.0,0.0,0.0
112521783008.0,1.0,0.0,0.0
111454684898.0,2.0,0.0,0.0
111459813096.0,3.0,0.3333333333333333,0.0
110704035561.0,1.0,0.0,0.0
111803410152.0,1.0,0.0,0.0
110944872178.0,1.0,0.0,0.0
111809046258.0,1.0,0.0,0.0
114749482738.0,2.0,1.0,0.0
114625267446.0,2.0,0.0,0.0
111156913911.0,1.0,0.0,0.0
110720435968.0,1.0,0.0,0.0
112603465485.0,1.0,0.0,0.0
112506480401.0,1.0,0.0,0.0
100000007955.0,1.0,0.0,0.0
112530769684.0,5.0,0.2,0.0
110701414168.0,1.0,0.0,0.0
110108518169.0,2.0,0.5,0.0
111145846552.0,1.0,0.0,0.0
114832467740.0,9.0,0.0,0.0
110914610974.0,1.0,0.0,0.0
112535365408.0,2.0,0.0,0.0
111155013414.0,4.0,0.0,0.0
111192213290.0,1.0,0.0,0.0
110107412267.0,1.0,0.0,0.0
110946772779.0,1.0,0.0,0.0
112521783083.0,1.0,0.0,0.0
110301816624.0,2.0,0.0,0.0
111423416113.0,1.0,0.0,0.0
114827167544.0,1.0,0.0,0.0
110147512124.0,1.0,0.0,0.0
112521783100.0,1.0,0.0,0.0
111447516999.0,1.0,0.0,0.0
110302873420.0,4.0,0.0,0.0
112520283980.0,3.0,0.3333333333333333,0.0
114741593939.0,1.0,0.0,0.0
111851546452.0,1.0,0.0,0.0
110105618266.0,1.0,0.0,0.0
112626665306.0,1.0,1.0,0.0
110123173726.0,1.0,0.0,0.0
110103316323.0,2.0,0.0,0.0
114667169642.0,1.0,0.0,0.0
111155185518.0,2.0,0.0,0.0
112506783602.0,1.0,0.0,0.0
111499282291.0,2.0,0.0,0.0
114129282930.0,2.0,0.0,0.0
114832967546.0,2.0,0.0,0.0
110940317573.0,1.0,0.0,0.0
111155013511.0,1.0,0.0,0.0
110142171020.0,1.0,0.0,0.0
110120216463.0,2.0,0.0,0.0
111849146255.0,3.0,0.0,0.0
110107010961.0,1.0,1.0,0.0
112529565585.0,1.0,0.0,0.0
110849517471.0,4.0,0.0,0.0
110941472672.0,1.0,0.0,0.0
114742093731.0,2.0,0.0,0.0
111842412452.0,4.0,0.25,0.0
112529565605.0,1.0,0.0,0.0
111455913898.0,1.0,1.0,0.0
112520169388.0,1.0,0.0,0.0
112661465006.0,1.0,1.0,0.0
110938310575.0,1.0,0.0,0.0
112627165105.0,1.0,0.0,0.0
110835517374.0,1.0,0.0,0.0
110123435969.0,1.0,0.0,0.0
114142980033.0,2.0,0.0,0.0
114838267844.0,1.0,0.0,0.0
114825267142.0,1.0,1.0,0.0
111145985991.0,1.0,0.0,0.0
111154317257.0,1.0,0.0,0.0
114740291530.0,1.0,0.0,0.0
114820253641.0,2.0,0.0,0.0
110948272078.0,2.0,0.0,0.0
112527280081.0,3.0,0.0,0.0
114790680535.0,1.0,0.0,0.0
112522569689.0,1.0,0.0,0.0
110104971229.0,1.0,0.0,0.0
111103248351.0,1.0,0.0,0.0
111445813216.0,1.0,0.0,0.0
112538765280.0,1.0,0.0,0.0
110727735267.0,1.0,0.0,0.0
114627667940.0,1.0,0.0,0.0
110164133863.0,1.0,0.0,0.0
112506087402.0,1.0,0.0,0.0
112506087404.0,1.0,0.0,0.0
114601969645.0,1.0,0.0,0.0
114743191537.0,1.0,0.0,0.0
110943610873.0,2.0,1.0,0.0
114822350843.0,2.0,0.0,0.0
112509069309.0,3.0,1.0,0.0
110943717376.0,1.0,0.0,0.0
112968665089.0,3.0,0.0,0.0
111157413892.0,1.0,0.0,0.0
114746091533.0,2.0,0.0,0.0
111152613390.0,1.0,0.0,0.0
114869069841.0,2.0,1.0,0.0
110147012628.0,1.0,0.0,0.0
110946510871.0,2.0,0.0,0.0
111140816919.0,1.0,0.0,0.0
112521283609.0,1.0,0.0,0.0
100000016411.0,1.0,0.0,0.0
110183073827.0,1.0,0.0,0.0
112506865706.0,4.0,0.0,0.0
111845419051.0,4.0,0.0,0.0
114820253740.0,1.0,0.0,0.0
111150385197.0,1.0,0.0,0.0
111143913519.0,1.0,0.0,0.0
111493613615.0,1.0,0.0,0.0
112527583284.0,11.0,0.0,0.0
114142382139.0,1.0,0.0,0.0
112501565501.0,1.0,0.0,0.0
111158085694.0,1.0,0.0,0.0
112620365885.0,7.0,0.5714285714285714,0.0
111854446657.0,3.0,0.0,0.0
114748393539.0,1.0,0.0,0.0
110915217476.0,1.0,0.0,0.0
110147373125.0,1.0,0.0,0.0
111807146054.0,1.0,1.0,0.0
110876010571.0,2.0,0.0,0.0
111193516110.0,1.0,0.0,0.0
110942472271.0,2.0,0.0,0.0
111193516111.0,1.0,0.0,0.0
111445313616.0,3.0,0.3333333333333333,0.0
111843919951.0,1.0,0.0,0.0
110146873428.0,4.0,0.0,0.0
110978017374.0,1.0,0.0,0.0
111847614559.0,1.0,0.0,0.0
112623265889.0,4.0,0.0,0.0
111192016999.0,1.0,0.0,0.0
110949771371.0,1.0,0.0,0.0
112529983601.0,1.0,1.0,0.0
114792482930.0,2.0,0.0,0.0
111800846457.0,2.0,0.0,0.0
111153416316.0,1.0,0.0,0.0
112609765500.0,1.0,1.0,0.0
110123673728.0,3.0,0.0,0.0
114744780930.0,1.0,1.0,0.0
110767835268.0,1.0,0.0,0.0
110103816326.0,1.0,1.0,0.0
111159085199.0,1.0,0.0,0.0
112523683983.0,2.0,0.0,0.0
114820450447.0,3.0,0.0,0.0
112527665309.0,1.0,0.0,0.0
110975117477.0,1.0,0.0,0.0
110147373224.0,1.0,0.0,0.0
114606467241.0,4.0,0.0,0.0
114717280430.0,1.0,0.0,0.0
110104635569.0,2.0,0.0,0.0
114713282737.0,2.0,0.0,0.0
111124113593.0,1.0,0.0,0.0
111128185017.0,1.0,0.0,0.0
112538069181.0,1.0,0.0,0.0
110107314369.0,1.0,0.0,0.0
114191780033.0,1.0,0.0,0.0
110340016323.0,5.0,0.6,0.0
111158913219.0,5.0,0.2,0.0
112538069188.0,1.0,1.0,0.0
111847319750.0,1.0,0.0,0.0
114826553548.0,1.0,0.0,0.0
114148780237.0,1.0,0.0,0.0
110301112526.0,5.0,0.0,0.0
111128316110.0,1.0,0.0,0.0
114191280339.0,1.0,0.0,0.0
110938917077.0,6.0,0.0,0.0
111156480213.0,1.0,0.0,0.0
111195113693.0,1.0,1.0,0.0
111443413215.0,1.0,0.0,0.0
100000008427.0,1.0,0.0,0.0
110916110574.0,3.0,0.3333333333333333,0.0
111808448757.0,1.0,0.0,0.0
100000016637.0,1.0,0.0,0.0
112527583486.0,1.0,0.0,0.0
112502065408.0,1.0,1.0,0.0
112527083786.0,1.0,0.0,0.0
110109133067.0,1.0,0.0,0.0
110919117073.0,1.0,0.0,0.0
111145748759.0,1.0,0.0,0.0
112525969688.0,1.0,0.0,0.0
110189373721.0,3.0,0.6666666666666666,0.0
111124113696.0,1.0,0.0,0.0
110346873125.0,6.0,0.0,0.0
114144880934.0,7.0,0.0,0.0
110329473325.0,1.0,0.0,0.0
111156980015.0,3.0,0.0,0.0
112525183283.0,1.0,0.0,0.0
112525265206.0,1.0,0.0,0.0
111192516919.0,1.0,0.0,0.0
111156685113.0,1.0,0.0,0.0
114826053948.0,1.0,0.0,0.0
114838653247.0,5.0,0.0,0.0
112524765505.0,1.0,1.0,0.0
110187571526.0,1.0,0.0,0.0
111195613511.0,1.0,0.0,0.0
111493916999.0,3.0,0.3333333333333333,0.0
100000016715.0,4.0,0.0,0.0
111147813195.0,1.0,1.0,0.0
111199013212.0,1.0,0.0,0.0
112506480989.0,2.0,0.0,0.0
112603769188.0,7.0,0.0,0.0
112504965482.0,1.0,0.0,0.0
111141685614.0,2.0,1.0,0.0
100000000371.0,1.0,0.0,0.0
114802567541.0,1.0,0.0,0.0
110910417273.0,3.0,0.0,0.0
110146873723.0,1.0,0.0,0.0
110103718268.0,1.0,0.0,0.0
111457413499.0,1.0,0.0,0.0
114713282939.0,2.0,0.0,0.0
111440013696.0,2.0,0.0,0.0
110722935169.0,8.0,0.125,0.0
111150213511.0,2.0,0.0,0.0
110722435464.0,1.0,0.0,0.0
112500165003.0,1.0,0.0,0.0
114746993035.0,1.0,0.0,0.0
110109616529.0,1.0,0.0,0.0
112665569682.0,2.0,0.0,0.0
114711882132.0,1.0,0.0,0.0
111156185494.0,1.0,0.0,0.0
112623569303.0,1.0,0.0,0.0
112624183706.0,1.0,0.0,0.0
110162635164.0,2.0,0.0,0.0
114822367649.0,1.0,0.0,0.0
111809546658.0,2.0,0.0,0.0
111451416999.0,1.0,0.0,0.0
111150680491.0,1.0,0.0,0.0
110940572076.0,1.0,0.0,0.0
114860067248.0,1.0,0.0,0.0
112562383281.0,2.0,0.0,0.0
114820450741.0,1.0,0.0,0.0
112506481080.0,1.0,0.0,0.0
114808367546.0,3.0,0.0,0.0
114833967549.0,1.0,0.0,0.0
111159585218.0,2.0,0.0,0.0
111428716994.0,1.0,0.0,0.0
114829167044.0,1.0,0.0,0.0
111145380294.0,1.0,0.0,0.0
110779435463.0,1.0,0.0,0.0
111454013895.0,1.0,0.0,0.0
112531065288.0,1.0,0.0,0.0
110177733066.0,1.0,0.0,0.0
100000016843.0,1.0,0.0,0.0
111147313615.0,1.0,1.0,0.0
110147373520.0,2.0,0.0,0.0
110108314065.0,3.0,0.0,0.0
110173235666.0,1.0,0.0,0.0
111145085392.0,2.0,0.0,0.0
110103914964.0,3.0,0.0,0.0
110917372373.0,7.0,0.14285714285714285,0.0
110147373527.0,3.0,0.0,0.0
111807146456.0,1.0,0.0,0.0
114725980632.0,3.0,0.0,0.0
110876010970.0,1.0,0.0,0.0
111499913690.0,1.0,0.0,0.0
110104373724.0,4.0,0.0,0.0
114862467547.0,1.0,0.0,0.0
110946871775.0,2.0,1.0,0.0
112606865888.0,1.0,0.0,0.0
112564169186.0,1.0,0.0,0.0
110304471523.0,7.0,0.0,0.0
114746280433.0,1.0,0.0,0.0
114831567345.0,2.0,0.0,0.0
110913710579.0,1.0,0.0,0.0
114605369843.0,2.0,0.0,0.0
114110482938.0,1.0,0.0,0.0
114744180735.0,1.0,0.0,0.0
114822367742.0,1.0,0.0,0.0
111128013315.0,1.0,1.0,0.0
111152916996.0,1.0,0.0,0.0
114711480835.0,2.0,0.0,0.0
111800846854.0,1.0,0.0,0.0
111105346058.0,1.0,0.0,0.0
110102473227.0,1.0,0.0,0.0
111195613711.0,2.0,0.0,0.0
110942210576.0,4.0,0.0,0.0
111150680592.0,1.0,0.0,0.0
111443216914.0,1.0,0.0,0.0
112525183507.0,2.0,0.0,0.0
114117380639.0,5.0,0.0,0.0
114710080034.0,4.0,0.0,0.0
110165535267.0,4.0,0.0,0.0
112501565987.0,1.0,0.0,0.0
110122535463.0,6.0,0.3333333333333333,0.0
110948272679.0,1.0,0.0,0.0
111155046952.0,2.0,0.0,0.0
111803648552.0,1.0,0.0,0.0
111803648556.0,2.0,0.0,0.0
111493016113.0,1.0,0.0,0.0
112500869684.0,5.0,0.0,0.0
112636865082.0,2.0,0.0,0.0
110108871228.0,1.0,0.0,0.0
114712980036.0,1.0,0.0,0.0
111196285511.0,1.0,0.0,0.0
110101416523.0,1.0,0.0,0.0
114822253142.0,1.0,0.0,0.0
114831067748.0,4.0,0.0,0.0
110819117672.0,3.0,0.0,0.0
114711480936.0,2.0,0.0,0.0
110189816427.0,1.0,0.0,0.0
114809367148.0,1.0,1.0,0.0
112601565805.0,1.0,1.0,0.0
110949272177.0,2.0,0.0,0.0
114749893235.0,1.0,0.0,0.0
111845919351.0,1.0,1.0,0.0
112536865406.0,1.0,0.0,0.0
112562383486.0,1.0,0.0,0.0
110779935360.0,2.0,0.0,0.0
114142980737.0,3.0,0.0,0.0
110941710978.0,1.0,0.0,0.0
111147313795.0,1.0,0.0,0.0
111147313797.0,5.0,1.0,0.0
110975617672.0,1.0,1.0,0.0
112624765581.0,2.0,0.5,0.0
110917872276.0,1.0,0.0,0.0
114824669844.0,1.0,0.0,0.0
114862967444.0,1.0,0.0,0.0
110109035164.0,1.0,0.0,0.0
112530565788.0,7.0,0.0,0.0
111849646750.0,1.0,0.0,0.0
114837269148.0,2.0,0.0,0.0
112522283682.0,1.0,0.0,0.0
110100335267.0,1.0,0.0,0.0
114717280935.0,1.0,0.0,0.0
114721680039.0,2.0,0.0,0.0
114149780138.0,1.0,0.0,0.0
112508365486.0,1.0,0.0,0.0
110146071220.0,1.0,0.0,0.0
111152384693.0,1.0,0.0,0.0
112522382005.0,1.0,0.0,0.0
110120635066.0,7.0,0.0,0.0
111152384699.0,3.0,0.0,0.0
111197113018.0,4.0,0.0,0.0
112524765884.0,1.0,0.0,0.0
111192713919.0,1.0,0.0,0.0
114724580034.0,1.0,0.0,0.0
110107273923.0,1.0,0.0,0.0
112525265604.0,4.0,0.0,0.0
110945774279.0,4.0,0.75,0.0
111144348359.0,1.0,0.0,0.0
110102735561.0,1.0,0.0,0.0
112536865484.0,4.0,0.0,0.0
111149116111.0,1.0,0.0,0.0
114829650644.0,1.0,0.0,0.0
111157316310.0,2.0,0.0,0.0
112622365400.0,1.0,0.0,0.0
111150680793.0,1.0,0.0,0.0
114745182938.0,3.0,0.0,0.0
114825767643.0,1.0,0.0,0.0
111804246750.0,2.0,0.0,0.0
112536169184.0,1.0,0.0,0.0
112536169186.0,1.0,0.0,0.0
112506383084.0,1.0,1.0,0.0
111150680818.0,2.0,0.0,0.0
110305471222.0,1.0,0.0,0.0
111142046455.0,1.0,0.0,0.0
110842817273.0,1.0,0.0,0.0
111193213693.0,1.0,0.0,0.0
110147373825.0,5.0,0.8,0.0
110722018061.0,1.0,0.0,0.0
112637365007.0,2.0,0.0,0.0
114725382930.0,1.0,0.0,0.0
111801019155.0,1.0,0.0,0.0
112525265684.0,1.0,0.0,0.0
114806467348.0,2.0,0.0,0.0
112560483103.0,2.0,0.0,0.0
111144446752.0,5.0,0.0,0.0
114839767841.0,3.0,0.0,0.0
114805467949.0,1.0,0.0,0.0
110844717870.0,1.0,0.0,0.0
111196113713.0,1.0,0.0,0.0
114749680434.0,1.0,0.0,0.0
112525683508.0,1.0,0.0,0.0
111443413816.0,2.0,0.0,0.0
110949272379.0,1.0,0.0,0.0
111846214459.0,2.0,0.0,0.0
111140416317.0,10.0,0.0,0.0
112608865086.0,1.0,0.0,0.0
110103612224.0,3.0,0.0,0.0
112622365504.0,1.0,1.0,0.0
111151385411.0,1.0,0.0,0.0
110109518664.0,1.0,0.0,0.0
111804246856.0,1.0,1.0,0.0
110916217674.0,1.0,0.0,0.0
111151213390.0,1.0,1.0,0.0
110108814161.0,1.0,0.0,0.0
100000009049.0,2.0,0.0,0.0
110105135961.0,2.0,0.5,0.0
110322273127.0,2.0,0.0,0.0
114606369643.0,3.0,0.0,0.0
112607169389.0,1.0,0.0,0.0
110107814766.0,1.0,0.0,0.0
110101916529.0,1.0,0.0,0.0
111124048754.0,2.0,0.0,0.0
111153646450.0,3.0,1.0,0.0
114729782136.0,4.0,0.0,0.0
114622253949.0,1.0,0.0,0.0
110129335167.0,2.0,0.5,0.0
112525683583.0,2.0,0.0,0.0
111196113797.0,2.0,0.0,0.0
110102973320.0,1.0,0.0,0.0
111805746056.0,1.0,0.0,0.0
110384573324.0,2.0,0.0,0.0
110147316627.0,1.0,0.0,0.0
111151385491.0,1.0,0.0,0.0
112525683606.0,1.0,0.0,0.0
111199513496.0,6.0,0.3333333333333333,0.0
111129512858.0,1.0,0.0,0.0
111456316314.0,1.0,0.0,0.0
112506465182.0,1.0,0.0,0.0
110940072870.0,1.0,0.0,0.0
112528165801.0,1.0,0.0,0.0
114637769642.0,4.0,0.0,0.0
111121648555.0,1.0,1.0,0.0
114824350641.0,2.0,0.0,0.0
114125482932.0,2.0,0.0,0.0
112523283383.0,1.0,0.0,0.0
112523365308.0,2.0,1.0,0.0
111193516991.0,1.0,0.0,0.0
114828053444.0,1.0,0.0,0.0
111807548358.0,1.0,0.0,0.0
111848819657.0,1.0,0.0,0.0
111154080717.0,1.0,0.0,0.0
111158913998.0,3.0,0.3333333333333333,0.0
114661567440.0,1.0,0.0,0.0
114627267540.0,1.0,0.0,0.0
110978517977.0,1.0,0.0,0.0
111157480416.0,1.0,0.0,0.0
110103735266.0,1.0,0.0,0.0
111827446754.0,1.0,0.0,0.0
111840046051.0,1.0,0.0,0.0
114140793830.0,2.0,0.0,0.0
110342073320.0,2.0,0.0,0.0
110128933865.0,2.0,0.0,0.0
110325271529.0,1.0,0.0,0.0
112521669608.0,1.0,0.0,0.0
114821950443.0,2.0,0.0,0.0
111122885616.0,1.0,0.0,0.0
111153613815.0,1.0,0.0,0.0
110814817275.0,1.0,0.0,0.0
110102473726.0,4.0,0.0,0.0
111803419653.0,2.0,0.0,0.0
111104846856.0,2.0,0.0,0.0
114147380233.0,1.0,0.0,0.0
112528083985.0,1.0,0.0,0.0
111841946651.0,3.0,1.0,0.0
114803567643.0,2.0,0.0,0.0
114624367646.0,3.0,0.0,0.0
111841946655.0,3.0,0.0,0.0
112522882083.0,1.0,0.0,0.0
112527469606.0,1.0,0.0,0.0
111857519659.0,1.0,0.0,0.0
110107814960.0,2.0,0.0,0.0
110125935664.0,1.0,0.0,0.0
111157685297.0,1.0,0.0,0.0
111845346356.0,3.0,0.0,0.0
111807048758.0,4.0,0.0,0.0
114836769847.0,1.0,0.0,0.0
112520965186.0,1.0,0.0,0.0
111805746252.0,3.0,0.0,0.0
112500165708.0,4.0,0.0,0.0
112526183502.0,1.0,0.0,0.0
114119093336.0,1.0,0.0,0.0
111847746656.0,2.0,0.0,0.0
111155285091.0,1.0,0.0,0.0
112507669609.0,3.0,1.0,0.0
110108216429.0,3.0,0.0,0.0
112524086384.0,1.0,0.0,0.0
110946217079.0,1.0,0.0,0.0
110109871225.0,2.0,0.0,0.0
110105373820.0,1.0,0.0,0.0
112520080509.0,3.0,0.0,0.0
110945717374.0,3.0,0.0,0.0
112505465983.0,1.0,0.0,0.0
110943472771.0,2.0,0.0,0.0
111142046852.0,2.0,0.0,0.0
111807646853.0,1.0,0.0,0.0
112506080387.0,1.0,0.0,0.0
111424613511.0,2.0,0.5,0.0
110126435465.0,1.0,0.0,0.0
110100835466.0,1.0,0.0,0.0
110944717970.0,1.0,0.0,0.0
112526683284.0,2.0,0.0,0.0
114747280539.0,3.0,0.0,0.0
111802248351.0,1.0,1.0,0.0
111827848356.0,1.0,0.0,0.0
110120012967.0,1.0,0.0,0.0
110125173927.0,1.0,0.0,0.0
112500165804.0,1.0,0.0,0.0
114114882733.0,6.0,0.0,0.0
111844248754.0,1.0,0.0,0.0
111145413815.0,1.0,0.0,0.0
110101810364.0,4.0,0.5,0.0
112630869181.0,2.0,0.0,0.0
114741693631.0,3.0,0.0,0.0
111191116994.0,1.0,0.0,0.0
114826267845.0,1.0,0.0,0.0
111148813512.0,1.0,0.0,0.0
112664669385.0,4.0,0.25,0.0
110848117973.0,1.0,0.0,0.0
111104748758.0,2.0,0.0,0.0
111451213013.0,1.0,0.0,0.0
112523365589.0,1.0,0.0,0.0
110301973721.0,2.0,0.0,0.0
111143013594.0,1.0,0.0,0.0
114820353242.0,1.0,0.0,0.0
110766435560.0,14.0,0.35714285714285715,0.0
112524086506.0,1.0,0.0,0.0
111154785519.0,1.0,0.0,0.0
112526265588.0,2.0,0.0,0.0
114717682932.0,1.0,1.0,0.0
110108118263.0,5.0,0.0,0.0
114128882937.0,1.0,0.0,0.0
111145446650.0,2.0,0.0,0.0
112623865085.0,2.0,0.0,0.0
111853546751.0,1.0,0.0,0.0
114747493636.0,1.0,0.0,0.0
112526265606.0,2.0,0.0,0.0
111844846855.0,2.0,0.0,0.0
110188973320.0,1.0,0.0,0.0
110103973129.0,1.0,0.0,0.0
112525880584.0,3.0,1.0,0.0
110948117771.0,1.0,0.0,0.0
111101119759.0,1.0,0.0,0.0
111809219855.0,1.0,0.0,0.0
112522186001.0,1.0,0.0,0.0
110832717079.0,5.0,0.0,0.0
111444413719.0,1.0,0.0,0.0
112525569305.0,3.0,0.6666666666666666,0.0
111144316191.0,1.0,0.0,0.0
111199816991.0,4.0,0.0,0.0
110328671521.0,1.0,0.0,0.0
111148616994.0,11.0,0.0,0.0
110345473322.0,4.0,0.0,0.0
110912310574.0,1.0,0.0,0.0
110387973425.0,1.0,0.0,0.0
111157013815.0,1.0,0.0,0.0
114127514938.0,3.0,0.0,0.0
112520383806.0,2.0,0.0,0.0
112506481984.0,1.0,0.0,0.0
111442513218.0,3.0,0.0,0.0
110148373827.0,1.0,0.0,0.0
112506465602.0,1.0,0.0,0.0
111129513291.0,1.0,0.0,0.0
114713980239.0,2.0,0.0,0.0
110109273426.0,3.0,0.0,0.0
110915317076.0,1.0,0.0,0.0
114726382935.0,2.0,0.0,0.0
110914710872.0,1.0,0.0,0.0
114747682135.0,1.0,0.0,0.0
112531369309.0,3.0,0.3333333333333333,0.0
111128448350.0,2.0,0.0,0.0
110722018661.0,1.0,0.0,0.0
110129573223.0,1.0,0.0,0.0
112520965480.0,2.0,0.0,0.0
114806467944.0,1.0,0.0,0.0
111157685611.0,1.0,0.0,0.0
111857446251.0,3.0,0.3333333333333333,0.0
110124871022.0,1.0,0.0,0.0
110845717870.0,1.0,0.0,0.0
111197113713.0,1.0,0.0,0.0
114127580537.0,1.0,0.0,0.0
114716380539.0,3.0,0.0,0.0
111140113793.0,6.0,0.8333333333333334,0.0
110145473926.0,1.0,0.0,0.0
111149313416.0,1.0,0.0,0.0
110844317072.0,1.0,0.0,0.0
114117782930.0,1.0,0.0,0.0
114804567442.0,1.0,1.0,0.0
112506465684.0,1.0,0.0,0.0
114825153942.0,5.0,0.8,0.0
110302473625.0,2.0,0.0,0.0
110944472474.0,1.0,0.0,0.0
110140173724.0,1.0,0.0,0.0
110911917470.0,2.0,0.0,0.0
111842446751.0,1.0,0.0,0.0
110100614562.0,2.0,0.5,0.0
114607467940.0,1.0,0.0,0.0
100000001445.0,5.0,0.0,0.0
110186671525.0,2.0,0.0,0.0
112506482087.0,1.0,0.0,0.0
114862853544.0,4.0,0.75,0.0
110109773226.0,6.0,0.0,0.0
111126613418.0,1.0,0.0,0.0
112501165483.0,1.0,0.0,0.0
114824867245.0,2.0,0.0,0.0
114744593839.0,1.0,0.0,0.0
114828250544.0,2.0,1.0,0.0
110105071026.0,1.0,0.0,0.0
112524086706.0,1.0,0.0,0.0
114828152242.0,1.0,0.0,0.0
111143013813.0,3.0,0.0,0.0
114828250549.0,1.0,0.0,0.0
110949117370.0,3.0,0.0,0.0
110100073927.0,5.0,0.8,0.0
110385573320.0,1.0,0.0,0.0
110129835465.0,1.0,0.0,0.0
112522980808.0,5.0,0.0,0.0
114111180235.0,1.0,0.0,0.0
112526880207.0,1.0,0.0,0.0
112500665809.0,5.0,0.6,0.0
112504065489.0,3.0,0.0,0.0
110942072275.0,1.0,0.0,0.0
111154613715.0,1.0,0.0,0.0
112504483283.0,2.0,0.0,0.0
112526683601.0,1.0,1.0,0.0
110107373020.0,1.0,0.0,0.0
110109216222.0,1.0,1.0,0.0
111192313312.0,3.0,0.0,0.0
111846714852.0,1.0,0.0,0.0
110949772773.0,1.0,0.0,0.0
112537169382.0,1.0,0.0,0.0
111846714856.0,1.0,0.0,0.0
110147112427.0,1.0,0.0,0.0
111842119151.0,2.0,0.5,0.0
112529780207.0,1.0,0.0,0.0
111855119857.0,1.0,0.0,0.0
111851646454.0,1.0,1.0,0.0
111851646455.0,1.0,0.0,0.0
111426113016.0,2.0,0.0,0.0
111152713213.0,1.0,0.0,0.0
110935772674.0,1.0,0.0,0.0
110122733069.0,3.0,0.0,0.0
111147216398.0,3.0,0.0,0.0
112506080787.0,1.0,0.0,0.0
112625569300.0,3.0,0.0,0.0
114833067548.0,5.0,0.4,0.0
112522882589.0,1.0,0.0,0.0
110386073124.0,1.0,0.0,0.0
111197416996.0,2.0,0.0,0.0
114747280933.0,1.0,0.0,0.0
100000001575.0,3.0,0.3333333333333333,0.0
110946872872.0,1.0,0.0,0.0
110129933865.0,1.0,0.0,0.0
112501583400.0,2.0,0.0,0.0
112522382888.0,2.0,0.0,0.0
110976372271.0,1.0,0.0,0.0
112509365809.0,1.0,0.0,0.0
111197613618.0,1.0,0.0,0.0
114605567543.0,1.0,0.0,0.0
114746994232.0,1.0,0.0,0.0
111191813692.0,1.0,1.0,0.0
110145973823.0,1.0,0.0,0.0
110147612223.0,2.0,0.0,0.0
110107635268.0,1.0,0.0,0.0
112529280580.0,1.0,1.0,0.0
112529665606.0,3.0,0.0,0.0
114144480836.0,1.0,0.0,0.0
112609365586.0,1.0,0.0,0.0
112529165907.0,1.0,1.0,0.0
112669765204.0,1.0,0.0,0.0
112503369301.0,1.0,0.0,0.0
114796482133.0,3.0,0.3333333333333333,0.0
114604469848.0,8.0,0.25,0.0
114719682139.0,1.0,0.0,0.0
111454916192.0,1.0,0.0,0.0
111842848359.0,1.0,0.0,0.0
114829667943.0,1.0,0.0,0.0
114829053546.0,1.0,0.0,0.0
112562065006.0,4.0,0.0,0.0
110812810871.0,1.0,0.0,0.0
110940810879.0,1.0,0.0,0.0
110183616128.0,1.0,0.0,0.0
114832567945.0,6.0,0.0,0.0
112501583502.0,2.0,0.0,0.0
110129573525.0,2.0,0.0,0.0
114729782936.0,1.0,0.0,0.0
110942072477.0,2.0,0.0,0.0
112529583780.0,1.0,0.0,0.0
110107373221.0,2.0,1.0,0.0
110162833062.0,2.0,0.0,0.0
110722035367.0,1.0,0.0,0.0
111822646950.0,1.0,0.0,0.0
110100516521.0,1.0,0.0,0.0
110104612521.0,4.0,0.0,0.0
112521080486.0,2.0,0.0,0.0
114728382130.0,1.0,0.0,0.0
114600169140.0,4.0,0.75,0.0
114821050040.0,1.0,0.0,0.0
110844317377.0,3.0,0.0,0.0
112661065409.0,1.0,0.0,0.0
100000001737.0,3.0,0.3333333333333333,0.0
114715291337.0,1.0,0.0,0.0
100000018131.0,3.0,0.3333333333333333,0.0
111190716116.0,2.0,0.0,0.0
111842348758.0,2.0,0.0,0.0
111155613399.0,1.0,0.0,0.0
112509365983.0,1.0,0.0,0.0
112624365281.0,2.0,0.0,0.0
110301073123.0,1.0,0.0,0.0
111141646051.0,1.0,0.0,0.0
110301073126.0,1.0,0.0,0.0
111820246759.0,1.0,0.0,0.0
112506482408.0,1.0,0.0,0.0
100000009961.0,2.0,1.0,0.0
112509169383.0,2.0,0.5,0.0
112522465001.0,1.0,0.0,0.0
110946971375.0,1.0,0.0,0.0
110171918064.0,1.0,0.0,0.0
110309273329.0,3.0,0.3333333333333333,0.0
111154048758.0,3.0,0.3333333333333333,0.0
111159013113.0,1.0,0.0,0.0
110778035963.0,1.0,1.0,0.0
110108135164.0,3.0,0.0,0.0
111847714555.0,3.0,0.0,0.0
110875610879.0,1.0,1.0,0.0
112631869188.0,2.0,1.0,0.0
110107733767.0,1.0,0.0,0.0
110380773128.0,9.0,0.5555555555555556,0.0
111842815754.0,3.0,1.0,0.0
110147112721.0,1.0,0.0,0.0
110917717778.0,5.0,0.0,0.0
112626765586.0,1.0,0.0,0.0
111452516116.0,1.0,1.0,0.0
114199482136.0,4.0,0.5,0.0
111149313817.0,2.0,0.5,0.0
110123773724.0,1.0,0.0,0.0
112524865308.0,1.0,0.0,0.0
112520269601.0,2.0,0.5,0.0
112527765282.0,1.0,0.0,0.0
114829553442.0,4.0,0.5,0.0
100000001829.0,1.0,0.0,0.0
110306873127.0,1.0,0.0,0.0
111841619751.0,1.0,0.0,0.0
112535965481.0,2.0,0.0,0.0
114821369642.0,1.0,1.0,0.0
114808467246.0,1.0,1.0,0.0
111845314359.0,1.0,0.0,0.0
114833567544.0,3.0,0.0,0.0
114824867642.0,2.0,0.0,0.0
110102712123.0,1.0,0.0,0.0
111159185214.0,1.0,0.0,0.0
111150485312.0,1.0,0.0,0.0
110108610369.0,1.0,0.0,0.0
112535269186.0,2.0,0.0,0.0
110109273929.0,1.0,0.0,0.0
111844314958.0,3.0,0.0,0.0
111155613519.0,3.0,1.0,0.0
112629165903.0,1.0,0.0,0.0
114832469842.0,3.0,0.0,0.0
110104235863.0,8.0,0.375,0.0
111499284314.0,2.0,0.0,0.0
111144185691.0,2.0,0.0,0.0
114827153242.0,1.0,0.0,0.0
114729480030.0,2.0,0.0,0.0
110105816928.0,1.0,0.0,0.0
110129573728.0,3.0,0.0,0.0
111141613412.0,3.0,0.0,0.0
111149616997.0,2.0,0.0,0.0
114822967143.0,5.0,0.0,0.0
111840046952.0,1.0,0.0,0.0
110109216623.0,1.0,0.0,0.0
111809646458.0,2.0,0.0,0.0
111144046459.0,1.0,0.0,0.0
110775914365.0,1.0,0.0,0.0
111152713599.0,1.0,0.0,0.0
111843446659.0,2.0,0.0,0.0
111851646851.0,2.0,0.0,0.0
110109618060.0,1.0,0.0,0.0
114629267345.0,1.0,1.0,0.0
114820550547.0,1.0,0.0,0.0
114820353944.0,4.0,0.0,0.0
111820746652.0,1.0,0.0,0.0
114820050844.0,1.0,0.0,0.0
110101073822.0,1.0,0.0,0.0
110165135266.0,1.0,0.0,0.0
111145488291.0,1.0,0.0,0.0
111854448552.0,1.0,1.0,0.0
112527265705.0,1.0,0.0,0.0
100000010157.0,39.0,0.28205128205128205,0.0
110122135469.0,1.0,0.0,0.0
114725982130.0,1.0,0.0,0.0
114115882933.0,1.0,0.0,0.0
111153385399.0,3.0,0.3333333333333333,0.0
110104235960.0,1.0,0.0,0.0
110769319869.0,4.0,0.0,0.0
110765535166.0,1.0,0.0,0.0
111193313214.0,3.0,0.0,0.0
114743193535.0,4.0,0.0,0.0
114806067140.0,1.0,0.0,0.0
111141113797.0,1.0,0.0,0.0
111801946053.0,5.0,0.2,0.0
111156785096.0,1.0,0.0,0.0
111842815950.0,1.0,0.0,0.0
110838976470.0,1.0,0.0,0.0
111152680918.0,1.0,0.0,0.0
110945472472.0,1.0,0.0,0.0
111156785118.0,1.0,0.0,0.0
112529780702.0,1.0,0.0,0.0
111800848359.0,2.0,1.0,0.0
112660369384.0,1.0,0.0,0.0
111497916393.0,1.0,0.0,0.0
112660369387.0,2.0,0.0,0.0
114820853742.0,1.0,0.0,0.0
111190085618.0,1.0,0.0,0.0
112608669684.0,6.0,0.0,0.0
111199416314.0,1.0,0.0,0.0
110838910970.0,1.0,0.0,0.0
110941417471.0,2.0,0.0,0.0
110762635265.0,3.0,0.0,0.0
111147413510.0,1.0,0.0,0.0
110320316424.0,1.0,0.0,0.0
111155113992.0,2.0,0.0,0.0
111854546953.0,2.0,0.5,0.0
114744291337.0,1.0,0.0,0.0
114743480336.0,1.0,1.0,0.0
111196385298.0,5.0,0.0,0.0
110185771027.0,4.0,0.0,0.0
111193813012.0,1.0,0.0,0.0
111193813017.0,1.0,0.0,0.0
110944317475.0,2.0,0.0,0.0
111499513892.0,2.0,0.0,0.0
111152680998.0,1.0,0.0,0.0
112522580006.0,2.0,0.0,0.0
111192313897.0,2.0,0.0,0.0
110107873325.0,1.0,0.0,0.0
112524865582.0,1.0,1.0,0.0
114746593331.0,1.0,0.0,0.0
112508465204.0,4.0,0.0,0.0
111156285493.0,2.0,0.5,0.0
112508883000.0,1.0,0.0,0.0
112524980283.0,1.0,0.0,0.0
112609669180.0,2.0,0.0,0.0
110100516929.0,2.0,1.0,0.0
110104416323.0,1.0,0.0,0.0
111140016196.0,5.0,0.0,0.0
111145013315.0,2.0,0.0,0.0
112525480003.0,1.0,0.0,0.0
114715480133.0,2.0,0.0,0.0
114746093638.0,1.0,0.0,0.0
110174933067.0,1.0,0.0,0.0
112527765580.0,4.0,0.25,0.0
114740482134.0,1.0,0.0,0.0
111192985691.0,1.0,0.0,0.0
110720135262.0,1.0,0.0,0.0
110109773920.0,3.0,0.0,0.0
112664465507.0,2.0,0.0,0.0
110105333861.0,1.0,0.0,0.0
111145488491.0,1.0,1.0,0.0
110936510578.0,1.0,0.0,0.0
111153885299.0,1.0,0.0,0.0
112527782002.0,1.0,0.0,0.0
114794680435.0,1.0,0.0,0.0
110917472375.0,1.0,0.0,0.0
110102016124.0,2.0,0.0,0.0
110910517373.0,2.0,0.0,0.0
112526569603.0,3.0,0.0,0.0
111124213892.0,1.0,0.0,0.0
111491813513.0,1.0,0.0,0.0
110168035467.0,5.0,0.0,0.0
114605469840.0,8.0,0.125,0.0
111150313617.0,1.0,0.0,0.0
111152984211.0,1.0,1.0,0.0
114822869143.0,1.0,0.0,0.0
112507465888.0,1.0,0.0,0.0
111800946851.0,1.0,0.0,0.0
111803412654.0,2.0,0.0,0.0
110942310575.0,1.0,0.0,0.0
114749993134.0,2.0,1.0,0.0
114804969648.0,4.0,0.0,0.0
110106235061.0,1.0,0.0,0.0
110105718969.0,3.0,0.0,0.0
114113482937.0,1.0,0.0,0.0
100000002241.0,2.0,0.0,0.0
110105473220.0,2.0,0.0,0.0
111122313412.0,1.0,0.0,0.0
114743980234.0,2.0,0.0,0.0
114726580435.0,3.0,0.3333333333333333,0.0
111493116119.0,2.0,0.0,0.0
114794680535.0,1.0,0.0,0.0
110120718562.0,1.0,0.0,0.0
111128146151.0,1.0,0.0,0.0
112535269608.0,2.0,0.0,0.0
110845710570.0,8.0,0.375,0.0
111440613611.0,3.0,0.0,0.0
111141916911.0,2.0,0.0,0.0
111150313711.0,3.0,0.6666666666666666,0.0
112662065400.0,2.0,0.0,0.0
111197016313.0,1.0,0.0,0.0
110768935163.0,2.0,0.0,0.0
110147416320.0,2.0,0.0,0.0
110945571072.0,5.0,0.0,0.0
110120235269.0,1.0,0.0,0.0
114634469648.0,10.0,0.0,0.0
110940672274.0,2.0,0.0,0.0
110140371220.0,1.0,0.0,0.0
112528765205.0,1.0,0.0,0.0
114821869844.0,3.0,0.6666666666666666,0.0
110122733860.0,2.0,0.0,0.0
111147913516.0,3.0,0.0,0.0
114748993838.0,4.0,0.0,0.0
111840514355.0,1.0,0.0,0.0
111156113718.0,2.0,0.0,0.0
111143113019.0,2.0,1.0,0.0
111807246652.0,1.0,0.0,0.0
111444816191.0,1.0,0.0,0.0
111440613699.0,2.0,0.0,0.0
110108873028.0,1.0,0.0,0.0
114665967942.0,1.0,0.0,0.0
114639753547.0,1.0,0.0,0.0
114627367244.0,1.0,0.0,0.0
111840948559.0,2.0,0.0,0.0
114865869149.0,1.0,0.0,0.0
111452016990.0,2.0,0.5,0.0
114826350948.0,3.0,0.0,0.0
114822369640.0,1.0,0.0,0.0
114749780337.0,1.0,0.0,0.0
111800848757.0,1.0,0.0,0.0
114834567543.0,2.0,0.0,0.0
110187573629.0,1.0,0.0,0.0
114829250941.0,1.0,0.0,0.0
111125746050.0,1.0,0.0,0.0
114727080330.0,4.0,0.75,0.0
114825269647.0,1.0,0.0,0.0
111854948752.0,1.0,0.0,0.0
112608965008.0,1.0,0.0,0.0
110109118869.0,3.0,0.0,0.0
112522965401.0,1.0,0.0,0.0
111146316194.0,2.0,0.0,0.0
112508965283.0,1.0,0.0,0.0
112506483108.0,2.0,0.5,0.0
112525865381.0,1.0,0.0,0.0
112527069605.0,2.0,0.0,0.0
114726080933.0,1.0,0.0,0.0
114827653543.0,1.0,0.0,0.0
111849648553.0,1.0,1.0,0.0
114802569645.0,1.0,0.0,0.0
112567865780.0,1.0,0.0,0.0
111154713015.0,1.0,0.0,0.0
110108135865.0,1.0,0.0,0.0
110811410875.0,2.0,0.0,0.0
110700433860.0,3.0,0.0,0.0
111149216198.0,4.0,0.0,0.0
111196713414.0,1.0,0.0,0.0
111827046855.0,1.0,0.0,0.0
111822746057.0,1.0,0.0,0.0
114144580038.0,2.0,0.0,0.0
110777233869.0,1.0,0.0,0.0
111156580817.0,1.0,0.0,0.0
114839269841.0,1.0,0.0,0.0
112533565908.0,6.0,0.16666666666666666,0.0
111151985114.0,1.0,0.0,0.0
110166135261.0,3.0,0.0,0.0
110767935965.0,1.0,1.0,0.0
110940574176.0,2.0,0.0,0.0
112506565089.0,1.0,0.0,0.0
114749493730.0,1.0,0.0,0.0
111803519459.0,1.0,0.0,0.0
111842546151.0,1.0,0.0,0.0
110103212522.0,1.0,0.0,0.0
110173835761.0,1.0,0.0,0.0
114662969844.0,1.0,0.0,0.0
114828653045.0,1.0,0.0,0.0
111145685498.0,1.0,0.0,0.0
110842917371.0,1.0,0.0,0.0
112668283388.0,1.0,0.0,0.0
111857619459.0,1.0,0.0,0.0
112506483204.0,3.0,0.0,0.0
112522383883.0,1.0,0.0,0.0
110942671379.0,1.0,0.0,0.0
114790093337.0,1.0,0.0,0.0
112564769308.0,1.0,0.0,0.0
110109815327.0,1.0,0.0,0.0
110103433760.0,1.0,0.0,0.0
112624783903.0,2.0,0.5,0.0
110147916322.0,2.0,0.0,0.0
114793280037.0,1.0,1.0,0.0
114839867949.0,1.0,0.0,0.0
112631665201.0,17.0,0.7647058823529411,0.0
114127180337.0,1.0,0.0,0.0
114800767541.0,1.0,0.0,0.0
111157613111.0,1.0,0.0,0.0
111143785016.0,1.0,0.0,0.0
111499113017.0,1.0,0.0,0.0
110324273727.0,1.0,1.0,0.0
110102073923.0,1.0,0.0,0.0
111442416198.0,1.0,0.0,0.0
110873817672.0,1.0,0.0,0.0
111145980493.0,1.0,0.0,0.0
110848217679.0,2.0,0.0,0.0
110916317775.0,3.0,0.0,0.0
110186771029.0,2.0,0.5,0.0
111429816917.0,9.0,0.0,0.0
110947971675.0,1.0,0.0,0.0
110160835165.0,2.0,0.0,0.0
110970810973.0,3.0,0.3333333333333333,0.0
110919717471.0,1.0,0.0,0.0
112506065504.0,1.0,0.0,0.0
110911017575.0,1.0,0.0,0.0
110769312361.0,1.0,0.0,0.0
110917571179.0,1.0,0.0,0.0
114823967340.0,1.0,0.0,0.0
111427613294.0,1.0,1.0,0.0
112527282801.0,1.0,0.0,0.0
110946972274.0,1.0,0.0,0.0
111453713018.0,2.0,0.5,0.0
112636965503.0,1.0,0.0,0.0
112537965184.0,2.0,0.5,0.0
112661869186.0,1.0,0.0,0.0
114626867844.0,8.0,0.125,0.0
110726533768.0,1.0,0.0,0.0
100000019085.0,2.0,0.0,0.0
111456613011.0,1.0,0.0,0.0
114741482131.0,1.0,0.0,0.0
114805469849.0,1.0,0.0,0.0
110304916124.0,3.0,0.0,0.0
111196213917.0,2.0,0.0,0.0
111143785119.0,1.0,0.0,0.0
112665465503.0,2.0,0.0,0.0
114868867745.0,1.0,0.0,0.0
111159685796.0,2.0,0.0,0.0
110187573927.0,3.0,1.0,0.0
114147480232.0,1.0,0.0,0.0
112520983209.0,2.0,0.0,0.0
110178833066.0,6.0,0.0,0.0
110345073322.0,4.0,0.0,0.0
111126213292.0,1.0,0.0,0.0
111154680492.0,1.0,0.0,0.0
112532665004.0,1.0,0.0,0.0
114803552944.0,1.0,0.0,0.0
111459513011.0,1.0,1.0,0.0
110944072374.0,1.0,0.0,0.0
112506565303.0,3.0,0.3333333333333333,0.0
111154385595.0,1.0,0.0,0.0
110817817276.0,5.0,0.0,0.0
111193813691.0,2.0,0.0,0.0
111145480894.0,1.0,0.0,0.0
111145685695.0,2.0,0.0,0.0
112523883201.0,1.0,0.0,0.0
111146513091.0,2.0,0.0,0.0
110917571273.0,1.0,0.0,0.0
114824467147.0,1.0,0.0,0.0
114794582734.0,1.0,0.0,0.0
112521769680.0,9.0,0.0,0.0
114662167249.0,1.0,0.0,0.0
111845446355.0,1.0,0.0,0.0
111158285013.0,3.0,0.0,0.0
114823869144.0,1.0,0.0,0.0
114742891230.0,1.0,0.0,0.0
111844848352.0,1.0,0.0,0.0
112537965281.0,1.0,1.0,0.0
111152280295.0,1.0,0.0,0.0
110722233064.0,7.0,0.0,0.0
111120413416.0,1.0,0.0,0.0
114127680233.0,1.0,0.0,0.0
114742694636.0,1.0,0.0,0.0
112524669681.0,1.0,0.0,0.0
112504165107.0,1.0,0.0,0.0
111447913212.0,9.0,0.0,0.0
112520483580.0,3.0,0.0,0.0
111143785218.0,1.0,0.0,0.0
111499113219.0,1.0,0.0,0.0
111846314756.0,1.0,0.0,0.0
112525480706.0,6.0,0.5,0.0
110166135560.0,1.0,0.0,0.0
114715693834.0,1.0,0.0,0.0
110948872975.0,2.0,0.0,0.0
111859946259.0,3.0,0.0,0.0
112523383583.0,1.0,0.0,0.0
110834610977.0,1.0,0.0,0.0
112505369381.0,1.0,0.0,0.0
111158285096.0,3.0,0.0,0.0
112500765482.0,1.0,1.0,0.0
111146046251.0,4.0,0.0,0.0
114112082731.0,1.0,0.0,0.0
114837467946.0,1.0,0.0,0.0
110970417974.0,1.0,0.0,0.0
110946972474.0,1.0,0.0,0.0
112501683002.0,4.0,0.0,0.0
111152780093.0,4.0,0.25,0.0
110946571073.0,4.0,0.5,0.0
111444316994.0,5.0,0.0,0.0
112525669187.0,1.0,0.0,0.0
110103114566.0,1.0,0.0,0.0
110769533766.0,3.0,0.0,0.0
111128113993.0,1.0,0.0,0.0
114742080331.0,1.0,0.0,0.0
111453213517.0,1.0,0.0,0.0
111427416911.0,1.0,0.0,0.0
114827367247.0,2.0,0.5,0.0
114742391639.0,3.0,0.0,0.0
111191413592.0,3.0,0.0,0.0
110102418265.0,4.0,0.0,0.0
111141213018.0,1.0,0.0,0.0
110324773729.0,4.0,0.5,0.0
114715480931.0,2.0,0.0,0.0
111842014055.0,2.0,0.0,0.0
110140871528.0,1.0,0.0,0.0
110708233065.0,1.0,0.0,0.0
114625467240.0,2.0,0.0,0.0
111148913515.0,2.0,0.5,0.0
110122718061.0,1.0,0.0,0.0
111803519853.0,1.0,0.0,0.0
111804846959.0,1.0,1.0,0.0
112532583281.0,1.0,1.0,0.0
110148973427.0,1.0,0.0,0.0
110385312628.0,1.0,0.0,0.0
110187271029.0,1.0,0.0,0.0
114146980734.0,3.0,0.0,0.0
114837967745.0,1.0,0.0,0.0
110340273027.0,1.0,0.0,0.0
114820567940.0,2.0,0.0,0.0
114743980935.0,1.0,0.0,0.0
110109373320.0,2.0,0.0,0.0
110842917771.0,4.0,0.5,0.0
111159513997.0,1.0,0.0,0.0
111107748750.0,1.0,0.0,0.0
111146513294.0,2.0,0.0,0.0
110177735568.0,1.0,0.0,0.0
112509465489.0,3.0,0.0,0.0
110108218268.0,2.0,0.0,0.0
110129673120.0,1.0,0.0,0.0
111499285414.0,2.0,0.0,0.0
114623067049.0,1.0,0.0,0.0
110709535661.0,3.0,0.6666666666666666,0.0
111150216115.0,1.0,0.0,0.0
111128916919.0,1.0,0.0,0.0
111158416311.0,1.0,0.0,0.0
111490913211.0,4.0,0.0,0.0
110815417276.0,2.0,0.0,0.0
111447413692.0,1.0,0.0,0.0
110934717376.0,1.0,0.0,0.0
114805167042.0,1.0,0.0,0.0
114805167048.0,1.0,0.0,0.0
114792182736.0,1.0,0.0,0.0
112532165585.0,2.0,0.0,0.0
112608965587.0,4.0,0.0,0.0
114820953043.0,1.0,0.0,0.0
110107612122.0,1.0,0.0,0.0
112565965787.0,1.0,0.0,0.0
111842546654.0,1.0,0.0,0.0
110724535267.0,1.0,0.0,0.0
110326871020.0,1.0,1.0,0.0
112524284908.0,1.0,0.0,0.0
112664065006.0,1.0,0.0,0.0
111154680815.0,1.0,0.0,0.0
112527283187.0,1.0,0.0,0.0
114828153846.0,1.0,0.0,0.0
110168118263.0,1.0,0.0,0.0
110185673721.0,1.0,0.0,0.0
114823853049.0,1.0,0.0,0.0
114747380733.0,1.0,0.0,0.0
112525865986.0,1.0,0.0,0.0
112628265986.0,6.0,0.3333333333333333,0.0
111158416392.0,1.0,0.0,0.0
111196713993.0,1.0,0.0,0.0
111496213515.0,3.0,0.0,0.0
110946374670.0,4.0,0.25,0.0
111197213717.0,1.0,0.0,0.0
110122316823.0,1.0,0.0,0.0
110105416728.0,1.0,0.0,0.0
111157613597.0,1.0,0.0,0.0
112503165981.0,2.0,0.0,0.0
112635565085.0,1.0,0.0,0.0
114742391838.0,1.0,0.0,0.0
110838977574.0,3.0,0.0,0.0
110838977575.0,1.0,0.0,0.0
111199613990.0,1.0,1.0,0.0
110940771371.0,1.0,0.0,0.0
111847846957.0,1.0,0.0,0.0
110123873327.0,1.0,0.0,0.0
111443113010.0,2.0,0.0,0.0
112525382706.0,1.0,0.0,0.0
110942417972.0,1.0,0.0,0.0
112529380405.0,5.0,0.2,0.0
111152313398.0,1.0,0.0,0.0
112626365504.0,1.0,0.0,0.0
110186771522.0,3.0,0.0,0.0
111841014856.0,1.0,0.0,0.0
114744693832.0,3.0,0.6666666666666666,0.0
114828653642.0,1.0,1.0,0.0
111150748754.0,2.0,0.0,0.0
111845946450.0,1.0,0.0,0.0
110100018261.0,6.0,0.0,0.0
110102516823.0,1.0,0.0,0.0
110343771229.0,1.0,0.0,0.0
110769312862.0,1.0,0.0,0.0
114747593836.0,1.0,0.0,0.0
111145489517.0,2.0,0.0,0.0
110701335663.0,1.0,0.0,0.0
111106446450.0,1.0,0.0,0.0
111148913794.0,1.0,0.0,0.0
112626865284.0,2.0,0.5,0.0
114745980037.0,2.0,0.0,0.0
114664567945.0,1.0,1.0,0.0
112520680586.0,4.0,0.0,0.0
114825753741.0,1.0,0.0,0.0
111851746454.0,2.0,1.0,0.0
112529380502.0,1.0,0.0,0.0
112532165784.0,2.0,0.0,0.0
111152813212.0,1.0,0.0,0.0
110946317470.0,1.0,0.0,0.0
110107612322.0,3.0,0.0,0.0
110946210979.0,1.0,0.0,0.0
110122833061.0,1.0,0.0,0.0
111190316199.0,1.0,0.0,0.0
112509965484.0,1.0,1.0,0.0
111450313913.0,1.0,0.0,0.0
110301271227.0,1.0,0.0,0.0
111146046659.0,1.0,0.0,0.0
114725680330.0,4.0,0.0,0.0
111145546957.0,1.0,0.0,0.0
112606565581.0,1.0,0.0,0.0
114742482133.0,3.0,0.0,0.0
111840146650.0,4.0,0.0,0.0
114142622938.0,2.0,0.0,0.0
110308373724.0,3.0,0.0,0.0
112665769188.0,1.0,0.0,0.0
111124313319.0,8.0,0.0,0.0
112507565289.0,1.0,1.0,0.0
111153116398.0,3.0,0.0,0.0
110388073722.0,3.0,0.0,0.0
111195813118.0,1.0,0.0,0.0
112608965887.0,1.0,0.0,0.0
112524883200.0,4.0,0.0,0.0
112524383489.0,2.0,0.0,0.0
111842948354.0,1.0,1.0,0.0
110938117379.0,1.0,0.0,0.0
112537883904.0,1.0,0.0,0.0
112537883905.0,1.0,0.0,0.0
114820650246.0,3.0,1.0,0.0
114829153540.0,2.0,0.0,0.0
111150585096.0,2.0,1.0,0.0
110323373322.0,1.0,0.0,0.0
114820453646.0,1.0,1.0,0.0
110915917076.0,1.0,0.0,0.0
112506082584.0,1.0,0.0,0.0
111803446553.0,1.0,0.0,0.0
111803446554.0,2.0,0.0,0.0
114803053849.0,1.0,0.0,0.0
111150585119.0,1.0,0.0,0.0
114832667942.0,1.0,0.0,0.0
110147073323.0,3.0,1.0,0.0
111153485099.0,1.0,1.0,0.0
114806453548.0,1.0,0.0,0.0
114827867442.0,1.0,1.0,0.0
111145489715.0,1.0,0.0,0.0
112509269300.0,1.0,0.0,0.0
110101615925.0,4.0,0.0,0.0
110184871226.0,1.0,0.0,0.0
110978217274.0,2.0,0.0,0.0
110722135362.0,5.0,0.8,0.0
111152780611.0,1.0,0.0,0.0
111499113796.0,1.0,0.0,0.0
111857046852.0,1.0,1.0,0.0
112503469382.0,2.0,0.0,0.0
111151985991.0,2.0,1.0,0.0
111191913799.0,3.0,0.0,0.0
114742080838.0,1.0,0.0,0.0
114860356941.0,1.0,0.0,0.0
111158113614.0,1.0,0.0,0.0
114865067345.0,2.0,0.0,0.0
110101714266.0,1.0,0.0,0.0
110946817374.0,1.0,0.0,0.0
111859946852.0,3.0,0.0,0.0
111143146856.0,1.0,0.0,0.0
111855646057.0,2.0,0.0,0.0
114820756840.0,1.0,0.0,0.0
111154885998.0,1.0,0.0,0.0
111420913011.0,1.0,0.0,0.0
114833569143.0,1.0,0.0,0.0
114714080636.0,2.0,0.0,0.0
111492216193.0,1.0,0.0,0.0
114828252549.0,1.0,1.0,0.0
110104335761.0,1.0,0.0,0.0
111141246355.0,1.0,0.0,0.0
112662369686.0,1.0,0.0,0.0
110105916827.0,1.0,0.0,0.0
112522483100.0,4.0,0.0,0.0
111156680093.0,1.0,0.0,0.0
110308373920.0,5.0,0.0,0.0
110942172578.0,2.0,1.0,0.0
112530265509.0,3.0,0.0,0.0
112525465008.0,1.0,0.0,0.0
112661583282.0,1.0,0.0,0.0
114127082934.0,3.0,0.0,0.0
114634569142.0,1.0,0.0,0.0
114719880637.0,1.0,0.0,0.0
114821453248.0,1.0,0.0,0.0
111843046850.0,1.0,0.0,0.0
111454680516.0,1.0,0.0,0.0
111454680517.0,1.0,0.0,0.0
112626865606.0,3.0,0.0,0.0
111155885511.0,1.0,0.0,0.0
111159285191.0,4.0,0.0,0.0
111455016391.0,1.0,0.0,0.0
111195313612.0,4.0,0.0,0.0
110101018063.0,1.0,0.0,0.0
111126148559.0,1.0,0.0,0.0
112524883409.0,1.0,0.0,0.0
114715497935.0,2.0,0.0,0.0
114744382933.0,2.0,0.0,0.0
111803946455.0,1.0,0.0,0.0
110915917275.0,1.0,1.0,0.0
110101173725.0,1.0,0.0,0.0
111146816993.0,3.0,0.0,0.0
110147573221.0,2.0,1.0,0.0
111145080293.0,1.0,0.0,0.0
112523269608.0,1.0,0.0,0.0
110103918061.0,1.0,0.0,0.0
111496713710.0,1.0,0.0,0.0
111802848751.0,1.0,0.0,0.0
112501265904.0,1.0,0.0,0.0
111159416311.0,3.0,0.0,0.0
114862167543.0,1.0,0.0,0.0
114726393337.0,6.0,0.0,0.0
110910117371.0,1.0,0.0,0.0
111840646651.0,1.0,0.0,0.0
110107514365.0,1.0,0.0,0.0
111150413313.0,4.0,1.0,0.0
111448413698.0,1.0,0.0,0.0
111844546050.0,1.0,1.0,0.0
110102918660.0,3.0,0.3333333333333333,0.0
111145416198.0,1.0,0.0,0.0
114148980230.0,1.0,1.0,0.0
112526169609.0,1.0,0.0,0.0
110167635467.0,1.0,0.0,0.0
110917817871.0,1.0,0.0,0.0
111454680593.0,1.0,0.0,0.0
110124373522.0,2.0,1.0,0.0
111152584215.0,4.0,0.0,0.0
112624186906.0,1.0,0.0,0.0
111196313116.0,1.0,0.0,0.0
111803414052.0,1.0,0.0,0.0
112527865385.0,1.0,0.0,0.0
111845914154.0,1.0,0.0,0.0
111148013099.0,3.0,0.0,0.0
112665065004.0,1.0,0.0,0.0
110948972078.0,1.0,0.0,0.0
114715391534.0,1.0,0.0,0.0
110916417072.0,1.0,0.0,0.0
110105318961.0,1.0,0.0,0.0
114620667441.0,1.0,0.0,0.0
114715391535.0,2.0,0.0,0.0
110975817278.0,1.0,0.0,0.0
111190513215.0,1.0,0.0,0.0
114824050242.0,1.0,0.0,0.0
111820846659.0,2.0,0.5,0.0
111129146950.0,1.0,0.0,0.0
111154746950.0,1.0,0.0,0.0
110941017673.0,1.0,1.0,0.0
110917572173.0,1.0,0.0,0.0
114602669649.0,3.0,0.3333333333333333,0.0
111145948756.0,1.0,0.0,0.0
110876317270.0,4.0,0.25,0.0
110765635167.0,7.0,0.0,0.0
110304573024.0,1.0,0.0,0.0
110189573729.0,3.0,0.6666666666666666,0.0
111142213215.0,1.0,0.0,0.0
111158285919.0,1.0,0.0,0.0
111849346656.0,1.0,0.0,0.0
111857546850.0,2.0,0.0,0.0
110765233768.0,3.0,0.0,0.0
114746791538.0,1.0,1.0,0.0
114639369848.0,1.0,0.0,0.0
111809746554.0,1.0,0.0,0.0
114822567547.0,4.0,0.0,0.0
114127591037.0,1.0,0.0,0.0
110844917374.0,1.0,0.0,0.0
110187771524.0,3.0,0.0,0.0
111156180613.0,1.0,1.0,0.0
110102435468.0,1.0,0.0,0.0
112660469389.0,1.0,1.0,0.0
111121946254.0,1.0,0.0,0.0
110105818769.0,2.0,0.0,0.0
110103410325.0,1.0,0.0,0.0
111191316118.0,1.0,0.0,0.0
112537065109.0,2.0,1.0,0.0
114603669145.0,1.0,0.0,0.0
111199516315.0,1.0,0.0,0.0
111803848350.0,1.0,0.0,0.0
112520083109.0,1.0,0.0,0.0
111428613799.0,1.0,0.0,0.0
112624965287.0,1.0,1.0,0.0
112505665201.0,1.0,0.0,0.0
110917572278.0,1.0,0.0,0.0
111153985211.0,1.0,0.0,0.0
114743293631.0,2.0,0.5,0.0
111457113796.0,3.0,0.0,0.0
110104073929.0,1.0,0.0,0.0
112533665483.0,2.0,1.0,0.0
114747193039.0,1.0,0.0,0.0
112520165080.0,2.0,0.0,0.0
114745980632.0,2.0,0.0,0.0
111152985818.0,2.0,1.0,0.0
112524465888.0,2.0,0.0,0.0
111145113314.0,1.0,0.0,0.0
111126746855.0,2.0,0.0,0.0
112562165481.0,1.0,0.0,0.0
110104016624.0,1.0,1.0,0.0
111803119350.0,1.0,0.0,0.0
114796082934.0,1.0,0.0,0.0
110101018362.0,3.0,0.0,0.0
114744882939.0,1.0,0.0,0.0
110020671228.0,1.0,1.0,0.0
110174435069.0,1.0,1.0,0.0
110728935164.0,4.0,0.0,0.0
111845619455.0,2.0,1.0,0.0
110109218560.0,3.0,0.0,0.0
112536565504.0,4.0,0.0,0.0
112537483006.0,4.0,0.0,0.0
110165333763.0,1.0,0.0,0.0
110948472579.0,1.0,1.0,0.0
111159613196.0,1.0,0.0,0.0
114620069644.0,4.0,0.75,0.0
114713982735.0,1.0,0.0,0.0
114743580437.0,1.0,0.0,0.0
114823550743.0,2.0,0.0,0.0
112501569305.0,1.0,0.0,0.0
111499294491.0,3.0,0.3333333333333333,0.0
110102116124.0,1.0,0.0,0.0
110120818465.0,2.0,0.0,0.0
110184773420.0,2.0,0.0,0.0
112525465389.0,3.0,0.3333333333333333,0.0
110773835568.0,1.0,0.0,0.0
110943917878.0,1.0,0.0,0.0
110308071225.0,5.0,0.0,0.0
110945974074.0,1.0,0.0,0.0
111152084794.0,1.0,0.0,0.0
111152985914.0,3.0,0.0,0.0
110777235268.0,1.0,1.0,0.0
111151585094.0,2.0,0.0,0.0
111443613515.0,2.0,0.0,0.0
112524883789.0,1.0,0.0,0.0
114620856143.0,2.0,0.0,0.0
110385616720.0,1.0,0.0,0.0
111122085718.0,1.0,0.0,0.0
114634069846.0,9.0,0.0,0.0
111151585112.0,1.0,0.0,0.0
114638067547.0,9.0,0.3333333333333333,0.0
111150880611.0,2.0,0.0,0.0
114828752743.0,2.0,0.5,0.0
110344673128.0,3.0,0.0,0.0
110301673327.0,1.0,0.0,0.0
110943672177.0,1.0,0.0,0.0
110104835964.0,1.0,1.0,0.0
110108014461.0,1.0,1.0,0.0
110774335360.0,1.0,0.0,0.0
112505665409.0,1.0,0.0,0.0
110120818562.0,1.0,0.0,0.0
111157385090.0,1.0,0.0,0.0
110102116228.0,1.0,0.0,0.0
112627865485.0,12.0,0.0,0.0
114836469649.0,1.0,0.0,0.0
114140780434.0,3.0,0.6666666666666666,0.0
114831669147.0,1.0,1.0,0.0
110129035169.0,1.0,0.0,0.0
114805667745.0,1.0,0.0,0.0
114127591333.0,2.0,0.0,0.0
111847946151.0,2.0,0.0,0.0
111809648554.0,1.0,0.0,0.0
110938617773.0,1.0,0.0,0.0
110848817070.0,2.0,1.0,0.0
111140616114.0,10.0,0.7,0.0
114126780339.0,6.0,0.8333333333333334,0.0
114809067442.0,3.0,0.0,0.0
111803619255.0,1.0,0.0,0.0
111803119555.0,1.0,0.0,0.0
112625465285.0,1.0,0.0,0.0
112524580808.0,1.0,0.0,0.0
112663869384.0,1.0,0.0,0.0
110948071371.0,1.0,0.0,0.0
111150913497.0,1.0,0.0,0.0
112522680281.0,3.0,0.0,0.0
111423813598.0,2.0,0.0,0.0
112527783907.0,2.0,1.0,0.0
110102116324.0,1.0,0.0,0.0
110125733864.0,4.0,0.75,0.0
111801219050.0,1.0,1.0,0.0
111197116395.0,1.0,0.0,0.0
111156885490.0,1.0,0.0,0.0
110109612026.0,1.0,0.0,0.0
112508483584.0,1.0,1.0,0.0
112525383680.0,1.0,1.0,0.0
112533469186.0,3.0,1.0,0.0
114821953546.0,1.0,1.0,0.0
110140971022.0,1.0,0.0,0.0
114664167442.0,2.0,0.0,0.0
110147016725.0,1.0,0.0,0.0
111443613719.0,2.0,1.0,0.0
112600365081.0,7.0,0.0,0.0
114860267546.0,1.0,0.0,0.0
110729435164.0,1.0,0.0,0.0
114749593632.0,1.0,0.0,0.0
111846946858.0,1.0,0.0,0.0
114828752940.0,1.0,0.0,0.0
111150880814.0,2.0,0.0,0.0
110126635060.0,1.0,0.0,0.0
114803267640.0,1.0,0.0,0.0
110108514362.0,1.0,0.0,0.0
110141216827.0,1.0,1.0,0.0
112528283708.0,3.0,0.0,0.0
114794780736.0,4.0,0.0,0.0
100000004161.0,4.0,0.25,0.0
112506484805.0,1.0,0.0,0.0
114141780039.0,1.0,0.0,0.0
111154313290.0,5.0,0.0,0.0
114828269644.0,2.0,0.0,0.0
114862069841.0,1.0,0.0,0.0
110100035666.0,1.0,0.0,0.0
112525465685.0,1.0,0.0,0.0
111144646752.0,2.0,0.0,0.0
110102714469.0,1.0,0.0,0.0
111195813993.0,1.0,0.0,0.0
114724780139.0,3.0,0.0,0.0
110188173425.0,1.0,0.0,0.0
100000020599.0,1.0,0.0,0.0
111121348752.0,5.0,0.0,0.0
114803153046.0,1.0,0.0,0.0
111154985115.0,4.0,0.0,0.0
114803267742.0,10.0,0.0,0.0
111803046052.0,1.0,0.0,0.0
111858448550.0,1.0,0.0,0.0
110948710573.0,2.0,0.0,0.0
112506083502.0,1.0,0.0,0.0
112506280109.0,8.0,0.5,0.0
110917171378.0,1.0,0.0,0.0
110948817078.0,2.0,0.0,0.0
111452813497.0,2.0,0.0,0.0
110948210874.0,1.0,0.0,0.0
110304573629.0,9.0,0.3333333333333333,0.0
114601367743.0,5.0,0.0,0.0
112522582208.0,1.0,0.0,0.0
111847512259.0,2.0,0.0,0.0
111156484294.0,1.0,0.0,0.0
112508565708.0,1.0,0.0,0.0
114865567949.0,1.0,0.0,0.0
114639067343.0,1.0,0.0,0.0
110849210576.0,4.0,0.0,0.0
111499516113.0,1.0,0.0,0.0
111191013598.0,2.0,0.0,0.0
114715580639.0,2.0,1.0,0.0
114715080933.0,1.0,0.0,0.0
114715080935.0,2.0,0.0,0.0
110140373224.0,1.0,0.0,0.0
114838567145.0,3.0,0.0,0.0
111156213999.0,1.0,0.0,0.0
111154313459.0,1.0,0.0,0.0
114718480637.0,2.0,0.0,0.0
112523065604.0,5.0,0.4,0.0
112565565701.0,1.0,0.0,0.0
111423813896.0,1.0,0.0,0.0
114124380430.0,1.0,0.0,0.0
112522565903.0,1.0,0.0,0.0
110919317778.0,1.0,0.0,0.0
110108473625.0,1.0,0.0,0.0
110125635869.0,1.0,0.0,0.0
114721380639.0,1.0,1.0,0.0
110184773920.0,1.0,0.0,0.0
112529365280.0,1.0,0.0,0.0
111196313890.0,1.0,0.0,0.0
114793380132.0,1.0,0.0,0.0
110109112622.0,2.0,0.0,0.0
112529783087.0,1.0,0.0,0.0
112661780787.0,1.0,0.0,0.0
110704335165.0,3.0,0.0,0.0
110101616966.0,1.0,0.0,0.0
110323571025.0,4.0,0.0,0.0
110912117073.0,1.0,0.0,0.0
110937717074.0,1.0,0.0,0.0
110945917276.0,1.0,0.0,0.0
110911617378.0,1.0,0.0,0.0
114747980131.0,3.0,0.0,0.0
111820446052.0,1.0,0.0,0.0
110102616427.0,1.0,1.0,0.0
110723733868.0,3.0,0.3333333333333333,0.0
110300871021.0,1.0,1.0,0.0
112667965804.0,1.0,0.0,0.0
111157885296.0,1.0,0.0,0.0
110126135666.0,1.0,0.0,0.0
111193913715.0,5.0,0.0,0.0
111196985714.0,3.0,0.0,0.0
110840379772.0,12.0,0.0,0.0
112522983804.0,3.0,0.0,0.0
112522680703.0,1.0,0.0,0.0
111149513098.0,1.0,0.0,0.0
114806167947.0,1.0,0.0,0.0
111844546956.0,1.0,1.0,0.0
110815410577.0,1.0,0.0,0.0
112529283480.0,1.0,0.0,0.0
110942910875.0,3.0,0.0,0.0
112520165787.0,1.0,0.0,0.0
112529365405.0,3.0,0.0,0.0
112520665507.0,1.0,0.0,0.0
111803619752.0,1.0,0.0,0.0
112520165801.0,2.0,0.0,0.0
110949071274.0,3.0,0.0,0.0
111143713195.0,1.0,0.0,0.0
111455213994.0,3.0,0.3333333333333333,0.0
110101871022.0,1.0,0.0,0.0
110976317872.0,1.0,0.0,0.0
111148513712.0,3.0,0.0,0.0
112565565882.0,1.0,0.0,0.0
111145785793.0,1.0,0.0,0.0
111859046850.0,4.0,0.0,0.0
110834317777.0,2.0,0.5,0.0
114192882131.0,2.0,0.0,0.0
112522582487.0,2.0,0.0,0.0
110120835560.0,1.0,0.0,0.0
110120016364.0,2.0,0.0,0.0
114742491633.0,1.0,0.0,0.0
110946179574.0,1.0,0.0,0.0
114622167542.0,1.0,0.0,0.0
111157213691.0,1.0,0.0,0.0
114144180734.0,1.0,0.0,0.0
111803914752.0,1.0,1.0,0.0
110107073025.0,1.0,0.0,0.0
112537065985.0,10.0,0.3,0.0
110838979075.0,2.0,0.0,0.0
114745891330.0,1.0,0.0,0.0
110104312328.0,2.0,0.0,0.0
114715580937.0,1.0,0.0,0.0
111143713290.0,4.0,0.0,0.0
110123833867.0,4.0,0.25,0.0
100000021007.0,1.0,0.0,0.0
112660765203.0,1.0,0.0,0.0
114608069144.0,1.0,0.0,0.0
114748480032.0,1.0,0.0,0.0
112625465889.0,2.0,0.5,0.0
111842048552.0,1.0,0.0,0.0
110943672875.0,2.0,0.0,0.0
110104418861.0,1.0,0.0,0.0
112506280502.0,1.0,0.0,0.0
114803169847.0,1.0,0.0,0.0
111128246850.0,6.0,0.0,0.0
110107818563.0,1.0,0.0,0.0
112526465602.0,1.0,0.0,0.0
112608483908.0,1.0,0.0,0.0
112662469186.0,3.0,0.0,0.0
112632765002.0,1.0,0.0,0.0
111124413010.0,1.0,0.0,0.0
111840246356.0,1.0,0.0,0.0
110380571225.0,2.0,0.0,0.0
112528865881.0,1.0,0.0,0.0
114742082137.0,3.0,0.0,0.0
110934710876.0,2.0,0.5,0.0
111149013597.0,1.0,1.0,0.0
114664667742.0,4.0,0.0,0.0
114801367641.0,1.0,0.0,0.0
112622565986.0,4.0,0.0,0.0
111447513699.0,4.0,0.0,0.0
112538065508.0,1.0,0.0,0.0
110124235368.0,2.0,0.0,0.0
112661265007.0,1.0,0.0,0.0
110105418365.0,1.0,0.0,0.0
111126813311.0,2.0,0.0,0.0
111842646655.0,2.0,0.0,0.0
112527465089.0,1.0,0.0,0.0
110109973122.0,1.0,0.0,0.0
114722880131.0,1.0,0.0,0.0
111158680198.0,2.0,0.0,0.0
114744793737.0,1.0,0.0,0.0
114803055242.0,1.0,0.0,0.0
110775433867.0,1.0,0.0,0.0
112608483980.0,1.0,0.0,0.0
110301371022.0,11.0,0.5454545454545454,0.0
112535165583.0,2.0,0.0,0.0
110108818064.0,4.0,0.75,0.0
111803046550.0,1.0,0.0,0.0
112608369305.0,2.0,0.0,0.0
110931810971.0,1.0,0.0,0.0
111197313691.0,1.0,0.0,0.0
112531069605.0,1.0,0.0,0.0
112535165606.0,1.0,0.0,0.0
110940117675.0,1.0,0.0,0.0
112509065901.0,2.0,0.0,0.0
111453313714.0,1.0,0.0,0.0
114140682930.0,2.0,0.0,0.0
110935317172.0,2.0,0.0,0.0
114725182132.0,2.0,0.0,0.0
114716580538.0,8.0,0.875,0.0
110129035963.0,1.0,0.0,0.0
110184471227.0,1.0,0.0,0.0
111855819451.0,1.0,0.0,0.0
100000012993.0,1.0,0.0,0.0
111499213518.0,2.0,0.0,0.0
110106573521.0,1.0,0.0,0.0
110945172178.0,1.0,0.0,0.0
112532265682.0,1.0,0.0,0.0
110140373724.0,1.0,0.0,0.0
114745293533.0,1.0,0.0,0.0
114740280033.0,1.0,0.0,0.0
114829867745.0,1.0,0.0,0.0
111142746857.0,2.0,0.0,0.0
112524286700.0,1.0,0.0,0.0
114807569142.0,2.0,0.0,0.0
100000004855.0,1.0,1.0,0.0
110840371974.0,2.0,0.0,0.0
111802546954.0,1.0,0.0,0.0
111802546955.0,1.0,0.0,0.0
111158213392.0,1.0,0.0,0.0
112530365200.0,1.0,0.0,0.0
112569883408.0,1.0,0.0,0.0
110103935763.0,1.0,0.0,0.0
111847619353.0,4.0,0.0,0.0
110103018267.0,2.0,0.5,0.0
111143885595.0,6.0,0.0,0.0
100000013089.0,3.0,0.0,0.0
111140346659.0,1.0,0.0,0.0
112504265509.0,3.0,0.0,0.0
111192513318.0,1.0,0.0,0.0
111456713510.0,3.0,0.0,0.0
111143885613.0,1.0,0.0,0.0
111145016113.0,1.0,0.0,0.0
112623065905.0,3.0,0.0,0.0
114746194739.0,1.0,0.0,0.0
110878210874.0,3.0,0.0,0.0
114625567546.0,2.0,0.0,0.0
110178835260.0,1.0,0.0,0.0
114634169148.0,4.0,0.5,0.0
114820750140.0,1.0,0.0,0.0
112506469184.0,1.0,0.0,0.0
112523983680.0,1.0,0.0,0.0
110323571522.0,2.0,1.0,0.0
110385314628.0,2.0,0.0,0.0
112569965382.0,1.0,0.0,0.0
114821069645.0,1.0,1.0,0.0
114803153745.0,1.0,0.0,0.0
111126313811.0,3.0,0.0,0.0
112565369684.0,2.0,0.0,0.0
111803546455.0,3.0,0.0,0.0
110326971224.0,1.0,0.0,0.0
111150480216.0,1.0,0.0,0.0
110947572571.0,5.0,0.0,0.0
110104214366.0,1.0,0.0,0.0
110121671522.0,1.0,0.0,0.0
110185773925.0,1.0,0.0,0.0
110104673129.0,2.0,1.0,0.0
111150013291.0,1.0,0.0,0.0
110106016621.0,1.0,0.0,0.0
111145180015.0,1.0,0.0,0.0
114793782130.0,1.0,0.0,0.0
111848119156.0,2.0,0.0,0.0
114742680437.0,2.0,0.0,0.0
111158713211.0,1.0,0.0,0.0
111499287419.0,1.0,0.0,0.0
112624065409.0,5.0,0.8,0.0
112538565506.0,1.0,1.0,0.0
112520665988.0,1.0,0.0,0.0
111192513418.0,4.0,0.0,0.0
110147214225.0,1.0,0.0,0.0
111192013713.0,2.0,0.0,0.0
100000013205.0,2.0,0.0,0.0
111842319255.0,1.0,0.0,0.0
110140873624.0,1.0,0.0,0.0
111459613592.0,3.0,0.0,0.0
114566069146.0,1.0,0.0,0.0
110708235165.0,2.0,0.0,0.0
110878210973.0,1.0,0.0,0.0
112506780580.0,1.0,0.0,0.0
112524065701.0,2.0,0.0,0.0
114727680934.0,1.0,0.0,0.0
114740894630.0,1.0,0.0,0.0
114829253541.0,1.0,0.0,0.0
114829867947.0,1.0,0.0,0.0
110340373429.0,3.0,1.0,0.0
110911617973.0,10.0,0.5,0.0
112501365686.0,2.0,1.0,0.0
114142280632.0,1.0,0.0,0.0
112524180409.0,4.0,0.0,0.0
114637167546.0,1.0,0.0,0.0
110766635963.0,1.0,0.0,0.0
111845014459.0,1.0,0.0,0.0
114803153847.0,1.0,1.0,0.0
114146180031.0,1.0,0.0,0.0
111845948353.0,5.0,0.0,0.0
111150185412.0,1.0,0.0,0.0
114713680837.0,5.0,0.0,0.0
114832153545.0,3.0,0.3333333333333333,0.0
114823453642.0,1.0,0.0,0.0
111158713291.0,1.0,0.0,0.0
111491013592.0,2.0,0.0,0.0
110918417372.0,1.0,1.0,0.0
111153716195.0,2.0,0.0,0.0
111158713318.0,1.0,0.0,0.0
112522083303.0,3.0,0.0,0.0
110124473322.0,1.0,0.0,0.0
114826353648.0,2.0,0.0,0.0
110941371378.0,1.0,0.0,0.0
111801146354.0,2.0,0.0,0.0
114839567347.0,1.0,0.0,0.0
111143746558.0,1.0,0.0,0.0
110105418761.0,1.0,0.0,0.0
111497616393.0,8.0,0.0,0.0
111190416396.0,1.0,0.0,0.0
114825567245.0,1.0,0.0,0.0
110109973520.0,10.0,0.0,0.0
111147146257.0,3.0,0.3333333333333333,0.0
114193882130.0,1.0,0.0,0.0
111100148758.0,1.0,0.0,0.0
112603765783.0,1.0,0.0,0.0
110771035161.0,1.0,0.0,0.0
110949710875.0,1.0,0.0,0.0
110101273629.0,1.0,0.0,0.0
111150480415.0,1.0,0.0,0.0
110941117476.0,1.0,0.0,0.0
110947572776.0,1.0,0.0,0.0
111146048554.0,5.0,0.2,0.0
111141813291.0,1.0,0.0,0.0
112526883885.0,1.0,0.0,0.0
111158385711.0,1.0,0.0,0.0
110978817076.0,6.0,0.0,0.0
110978210870.0,1.0,0.0,0.0
110948817977.0,1.0,0.0,0.0
112522083389.0,1.0,0.0,0.0
114822650941.0,2.0,1.0,0.0
110141971521.0,1.0,0.0,0.0
112530365505.0,1.0,0.0,0.0
112504765509.0,1.0,0.0,0.0
114725280838.0,1.0,0.0,0.0
112601365583.0,2.0,0.5,0.0
110124473425.0,2.0,0.0,0.0
112537369682.0,2.0,0.0,0.0
110145371225.0,1.0,1.0,0.0
110106418266.0,4.0,0.0,0.0
110946810970.0,2.0,0.0,0.0
112661265500.0,1.0,0.0,0.0
114719980636.0,1.0,0.0,0.0
111421013095.0,1.0,1.0,0.0
110725135466.0,2.0,0.0,0.0
114796280939.0,1.0,0.0,0.0
112528383084.0,1.0,0.0,0.0
110844017779.0,1.0,1.0,0.0
110101273724.0,8.0,0.0,0.0
112528383101.0,1.0,0.0,0.0
110102912126.0,1.0,0.0,0.0
111454116993.0,2.0,0.0,0.0
110948072579.0,2.0,0.0,0.0
111445613699.0,1.0,0.0,0.0
111120948357.0,1.0,0.0,0.0
110122171526.0,1.0,0.0,0.0
111142616199.0,3.0,0.0,0.0
110126333065.0,2.0,0.0,0.0
110779235468.0,2.0,0.0,0.0
110910717070.0,2.0,0.0,0.0
110942772375.0,3.0,0.0,0.0
110147173528.0,1.0,0.0,0.0
110104435869.0,1.0,0.0,0.0
110910110879.0,1.0,0.0,0.0
110142373026.0,1.0,0.0,0.0
110101216420.0,1.0,0.0,0.0
111156984997.0,3.0,0.0,0.0
111426813096.0,2.0,0.0,0.0
114865667242.0,1.0,0.0,0.0
110939110575.0,1.0,0.0,0.0
110325071027.0,3.0,0.0,0.0
110102871220.0,1.0,0.0,0.0
114624117942.0,3.0,0.0,0.0
114724682935.0,1.0,0.0,0.0
112524983485.0,1.0,0.0,0.0
114199280833.0,1.0,0.0,0.0
110187773125.0,2.0,0.0,0.0
112537083085.0,5.0,0.2,0.0
111157116110.0,1.0,0.0,0.0
114804669645.0,1.0,0.0,0.0
110144773329.0,4.0,1.0,0.0
110105214162.0,1.0,0.0,0.0
114625469649.0,2.0,0.0,0.0
110109818068.0,1.0,0.0,0.0
110972017876.0,1.0,1.0,0.0
114829253843.0,2.0,0.0,0.0
111190613215.0,1.0,0.0,0.0
110186773729.0,1.0,1.0,0.0
110101273826.0,1.0,0.0,0.0
112527383781.0,1.0,0.0,0.0
110817017071.0,3.0,0.0,0.0
112522165488.0,1.0,0.0,0.0
110842010872.0,2.0,0.0,0.0
110185471227.0,9.0,0.0,0.0
110942772479.0,2.0,0.0,0.0
111152880896.0,3.0,0.6666666666666666,0.0
111840746751.0,1.0,0.0,0.0
110935710978.0,30.0,0.9,0.0
112522083586.0,1.0,0.0,0.0
111802146052.0,1.0,0.0,0.0
110146673927.0,3.0,0.0,0.0
114140880136.0,1.0,0.0,0.0
110101216527.0,1.0,0.0,0.0
112508665106.0,1.0,0.0,0.0
111152184595.0,1.0,0.0,0.0
112626965785.0,1.0,0.0,0.0
114805669145.0,2.0,0.0,0.0
110836210971.0,1.0,1.0,0.0
111155485996.0,1.0,0.0,0.0
111190613294.0,2.0,0.0,0.0
114198682931.0,2.0,0.0,0.0
111191416117.0,1.0,0.0,0.0
110103510325.0,1.0,0.0,0.0
111147613495.0,1.0,1.0,0.0
114825567541.0,1.0,0.0,0.0
110941510971.0,2.0,0.0,0.0
111147613499.0,2.0,0.0,0.0
110186773821.0,1.0,0.0,0.0
110105673022.0,2.0,0.0,0.0
110174035266.0,3.0,0.0,0.0
110105533763.0,4.0,0.0,0.0
112630283589.0,1.0,0.0,0.0
111159713095.0,5.0,0.2,0.0
114193382732.0,2.0,0.0,0.0
110949817677.0,1.0,0.0,0.0
111158385997.0,1.0,0.0,0.0
110147173724.0,2.0,0.0,0.0
114606267743.0,5.0,0.0,0.0
114742680934.0,1.0,0.0,0.0
110942371176.0,4.0,0.0,0.0
111449013610.0,1.0,0.0,0.0
111806446958.0,1.0,0.0,0.0
110167735665.0,1.0,1.0,0.0
110931017073.0,4.0,0.0,0.0
114127682931.0,1.0,0.0,0.0
114199780730.0,1.0,0.0,0.0
111145713019.0,2.0,0.0,0.0
114839567740.0,4.0,0.0,0.0
110147214724.0,1.0,0.0,0.0
110147018123.0,2.0,1.0,0.0
112524483980.0,1.0,0.0,0.0
110123335060.0,2.0,0.0,0.0
110848417175.0,1.0,0.0,0.0
114825567642.0,3.0,0.0,0.0
111150480795.0,1.0,0.0,0.0
114744991131.0,2.0,0.0,0.0
111122013597.0,1.0,0.0,0.0
112523165086.0,2.0,0.0,0.0
112626269600.0,2.0,0.0,0.0
114715499938.0,1.0,0.0,0.0
110103010728.0,1.0,0.0,0.0
112524082604.0,3.0,0.0,0.0
114828352940.0,1.0,0.0,0.0
114820267445.0,2.0,0.0,0.0
114743582136.0,1.0,0.0,0.0
112522583488.0,2.0,0.0,0.0
110125735368.0,2.0,0.0,0.0
112623869387.0,1.0,0.0,0.0
111153585616.0,1.0,0.0,0.0
114826853843.0,1.0,0.0,0.0
110308171221.0,2.0,0.0,0.0
111147785695.0,1.0,0.0,0.0
114860867044.0,1.0,0.0,0.0
114838953445.0,5.0,0.6,0.0
112525983207.0,1.0,0.0,0.0
112524983788.0,7.0,0.14285714285714285,0.0
114825969141.0,1.0,0.0,0.0
110106435063.0,1.0,0.0,0.0
110103412220.0,1.0,1.0,0.0
110101773820.0,2.0,0.0,0.0
111126085118.0,4.0,0.0,0.0
114143280637.0,3.0,0.0,0.0
111122013697.0,2.0,0.0,0.0
114147180034.0,2.0,0.0,0.0
114715098635.0,1.0,0.0,0.0
111150480913.0,2.0,0.0,0.0
111120948754.0,1.0,0.0,0.0
114837667348.0,1.0,0.0,0.0
111150480918.0,1.0,0.0,0.0
111158885912.0,1.0,0.0,0.0
111806848551.0,4.0,0.0,0.0
114823667245.0,1.0,0.0,0.0
111145213490.0,1.0,0.0,0.0
114831867444.0,4.0,0.0,0.0
112529669685.0,1.0,0.0,0.0
111445016118.0,1.0,0.0,0.0
110188871223.0,4.0,0.5,0.0
110947917371.0,1.0,0.0,0.0
110321073726.0,3.0,0.6666666666666666,0.0
110819917376.0,1.0,0.0,0.0
111842614853.0,1.0,0.0,0.0
111128313417.0,15.0,0.0,0.0
110106771021.0,1.0,0.0,0.0
112520683088.0,8.0,0.375,0.0
110147214929.0,1.0,0.0,0.0
111422316114.0,1.0,0.0,0.0
110700035669.0,1.0,0.0,0.0
110104116822.0,2.0,0.0,0.0
110108212823.0,1.0,0.0,0.0
111447613015.0,4.0,0.25,0.0
110873910873.0,1.0,0.0,0.0
114715491935.0,1.0,0.0,0.0
112527769186.0,1.0,0.0,0.0
110873517671.0,4.0,0.0,0.0
111151185511.0,1.0,0.0,0.0
114744991335.0,1.0,0.0,0.0
111159246452.0,2.0,1.0,0.0
110945517174.0,1.0,0.0,0.0
112506265207.0,2.0,0.0,0.0
110322671224.0,1.0,0.0,0.0
110164835964.0,1.0,0.0,0.0
111440813693.0,2.0,0.0,0.0
111849946750.0,1.0,0.0,0.0
112526065282.0,3.0,0.0,0.0
111492013699.0,1.0,0.0,0.0
112530669187.0,1.0,0.0,0.0
111145385610.0,3.0,0.6666666666666666,0.0
114722193036.0,1.0,1.0,0.0
112522083985.0,1.0,0.0,0.0
110108335764.0,2.0,0.0,0.0
110948417172.0,1.0,0.0,0.0
111197413013.0,1.0,0.0,0.0
111452413591.0,1.0,0.0,0.0
114742582933.0,1.0,0.0,0.0
110105312921.0,1.0,0.0,0.0
110105116320.0,1.0,1.0,0.0
110308073120.0,1.0,0.0,0.0
111156485794.0,1.0,0.0,0.0
110931017379.0,1.0,0.0,0.0
111191613094.0,2.0,0.0,0.0
110105116327.0,2.0,0.0,0.0
111148916392.0,1.0,0.0,0.0
110128733865.0,1.0,0.0,0.0
111127248553.0,2.0,0.0,0.0
111422013099.0,3.0,0.0,0.0
111148285612.0,2.0,0.0,0.0
112503365287.0,1.0,1.0,0.0
112665165482.0,4.0,0.0,0.0
112627465909.0,1.0,0.0,0.0
111149416119.0,1.0,0.0,0.0
112524082880.0,1.0,0.0,0.0
114740780736.0,1.0,1.0,0.0
114825453249.0,1.0,0.0,0.0
111143616198.0,1.0,0.0,0.0
114744680136.0,1.0,0.0,0.0
112523165386.0,1.0,0.0,0.0
112506765004.0,2.0,0.0,0.0
114722782932.0,2.0,0.0,0.0
110945517270.0,1.0,0.0,0.0
111143313111.0,1.0,0.0,0.0
110105435864.0,3.0,0.6666666666666666,0.0
110943772377.0,1.0,0.0,0.0
111453413090.0,1.0,0.0,0.0
110917574377.0,1.0,0.0,0.0
110837210870.0,4.0,0.0,0.0
111155216119.0,2.0,0.0,0.0
112505069303.0,1.0,0.0,0.0
110105616123.0,1.0,0.0,0.0
110914010877.0,6.0,0.0,0.0
114742591232.0,1.0,0.0,0.0
110101217027.0,2.0,0.5,0.0
112525065987.0,1.0,0.0,0.0
112504569609.0,1.0,0.0,0.0
110917410570.0,1.0,0.0,0.0
114664767241.0,2.0,0.0,0.0
111801548557.0,1.0,0.0,0.0
112627965709.0,2.0,0.0,0.0
111147319056.0,1.0,0.0,0.0
111809748755.0,1.0,0.0,0.0
112529383188.0,2.0,0.0,0.0
114144493331.0,1.0,0.0,0.0
111158116118.0,1.0,0.0,0.0
114664267543.0,1.0,0.0,0.0
114741993237.0,2.0,0.0,0.0
110166335260.0,1.0,0.0,0.0
110942617377.0,2.0,0.0,0.0
110917017378.0,2.0,0.0,0.0
111156313891.0,1.0,0.0,0.0
112630865700.0,1.0,0.0,0.0
114727780133.0,1.0,0.0,0.0
110165933862.0,1.0,0.0,0.0
111159385896.0,1.0,0.0,0.0
110165933866.0,1.0,0.0,0.0
110940274475.0,2.0,0.0,0.0
112528465706.0,1.0,1.0,0.0
114603769648.0,2.0,0.0,0.0
110105673522.0,1.0,0.0,0.0
111142813491.0,1.0,0.0,0.0
111142813492.0,2.0,0.0,0.0
114820153141.0,1.0,0.0,0.0
114829467449.0,1.0,0.0,0.0
110109835066.0,1.0,0.0,0.0
110108614461.0,1.0,0.0,0.0
111159516996.0,2.0,0.0,0.0
110168833868.0,1.0,0.0,0.0
111858548556.0,1.0,0.0,0.0
114124480339.0,3.0,0.0,0.0
110946672470.0,2.0,0.5,0.0
110970117975.0,1.0,1.0,0.0
112525565784.0,1.0,0.0,0.0
110168235865.0,4.0,0.0,0.0
114115682134.0,2.0,0.0,0.0
111120916315.0,1.0,1.0,0.0
114119982934.0,4.0,0.0,0.0
114721480535.0,1.0,0.0,0.0
110120935266.0,1.0,0.0,0.0
110124973928.0,1.0,0.0,0.0
110709235562.0,1.0,0.0,0.0
110103535467.0,1.0,0.0,0.0
110709333866.0,1.0,0.0,0.0
111806046059.0,1.0,0.0,0.0
110838972270.0,2.0,0.0,0.0
100000014191.0,3.0,0.0,0.0
112521183084.0,1.0,0.0,0.0
112521183085.0,2.0,0.0,0.0
111156780914.0,1.0,0.0,0.0
114144280433.0,7.0,0.42857142857142855,0.0
111101648758.0,2.0,0.0,0.0
114118582135.0,1.0,0.0,0.0
110102773624.0,1.0,0.0,0.0
110819417976.0,2.0,0.0,0.0
114668969848.0,1.0,1.0,0.0
110324473726.0,1.0,0.0,0.0
112508583807.0,2.0,0.0,0.0
110940774272.0,1.0,0.0,0.0
114821250948.0,1.0,0.0,0.0
110174633862.0,3.0,1.0,0.0
110107516825.0,1.0,0.0,0.0
111152316314.0,2.0,0.0,0.0
112523665308.0,1.0,0.0,0.0
110775033762.0,2.0,0.0,0.0
110945410979.0,1.0,0.0,0.0
111120646052.0,1.0,0.0,0.0
110919917479.0,1.0,0.0,0.0
112602865583.0,4.0,0.0,0.0
111120285617.0,2.0,0.0,0.0
111146213299.0,1.0,0.0,0.0
114743082933.0,1.0,0.0,0.0
110701535165.0,2.0,0.0,0.0
111157985219.0,1.0,0.0,0.0
112526983109.0,1.0,0.0,0.0
111840346054.0,3.0,0.0,0.0
111157485514.0,1.0,0.0,0.0
111196413898.0,1.0,0.0,0.0
112526483405.0,1.0,1.0,0.0
112529883087.0,2.0,1.0,0.0
112632365009.0,3.0,1.0,0.0
111809019859.0,1.0,0.0,0.0
114827067348.0,1.0,0.0,0.0
110106918869.0,1.0,0.0,0.0
111156084696.0,1.0,0.0,0.0
110704435162.0,1.0,0.0,0.0
112508583902.0,1.0,0.0,0.0
111144116192.0,1.0,0.0,0.0
114724593634.0,2.0,0.0,0.0
110166433765.0,2.0,0.0,0.0
111451316198.0,2.0,0.5,0.0
112529883109.0,1.0,0.0,0.0
111455313899.0,1.0,0.0,0.0
114727780333.0,2.0,0.0,0.0
110919172078.0,2.0,0.0,0.0
111851446255.0,1.0,0.0,0.0
114749693937.0,3.0,0.0,0.0
114829967347.0,3.0,0.6666666666666666,0.0
112506683382.0,1.0,0.0,0.0
110105935863.0,1.0,0.0,0.0
112506486781.0,1.0,0.0,0.0
111825346558.0,2.0,0.0,0.0
110122573823.0,1.0,0.0,0.0
